OlpyplEJ_c_hFxyand_Wxw	3.325	3.325	3.325	3.325	3.325		4.181	1.367	2.384	2.383		0.649	0.220	0.063	0.068
_qvxFHGbnbrAPeWBVifJEQ	3.667	3.667	3.667	3.667	3.667		4.258	1.470	2.396	2.402		0.753	0.143	0.050	0.054
s5yzZITWU_RcJzWOgjFecw	4.000	4.000	4.000	4.000	4.000		4.455	1.384	2.379	2.381		0.826	0.095	0.038	0.041
FFdlPSZCGgTdg1CAfrlvlw	3.225	3.225	3.225	3.225	3.225		4.274	1.392	2.378	2.341		0.588	0.269	0.069	0.074
kRHbVjZlajeRzGk_Lau_QA	4.000	4.000	4.000	4.000	4.000		4.692	1.335	2.340	2.489		0.761	0.136	0.050	0.053
z_LY6PK0Vv-iLQxrIGQIWw	3.167	3.167	3.167	3.167	3.167		4.432	1.388	2.350	2.385		0.536	0.314	0.072	0.078
_xU5miVqAMe1EC_rgLV3Og	3.455	3.455	3.455	3.455	3.455		4.494	1.317	2.336	2.367		0.628	0.234	0.066	0.072
gq7u9uyOkpLCeh_lxR-WFw	3.678	3.678	3.678	3.678	3.678		4.484	1.395	2.390	2.379		0.702	0.181	0.057	0.061
nZww1gdBAi9HtRKiQHL2qA	3.280	3.280	3.280	3.280	3.280		4.166	1.383	2.353	2.340		0.637	0.233	0.063	0.068
C0liSP7w_MRXEUrFUAogSA	4.606	4.606	4.606	4.606	4.606		4.715	1.498	2.326	2.418		0.961	0.019	0.010	0.010
j13Aby6-9ZyklpG_W7qsew	4.500	4.500	4.500	4.500	4.500		4.724	1.397	2.356	2.291		0.922	0.039	0.019	0.020
X68J8QNtNmWQBoZDNDuSSg	3.793	3.793	3.793	3.793	3.793		4.548	1.464	2.348	2.409		0.721	0.164	0.055	0.059
5TBOg9Rf47SECB8gTNGqeQ	3.367	3.367	3.367	3.367	3.367		4.316	1.478	2.371	2.376		0.622	0.239	0.067	0.072
RwCr2IajePB1aWBE37xPiQ	4.333	4.333	4.333	4.333	4.333		4.787	1.438	2.368	2.404		0.844	0.084	0.035	0.037
0_J4y0aEmtuzgdsH2OfWQw	4.261	4.261	4.261	4.261	4.261		4.504	1.472	2.383	2.371		0.906	0.048	0.022	0.024
W0eocyGliMbg8NScqERaiA	3.227	3.227	3.227	3.227	3.227		4.256	1.368	2.351	2.351		0.597	0.266	0.066	0.071
R1kKjAO5kZO6d0gQGqrvGA	3.333	3.333	3.333	3.333	3.333		4.157	1.451	2.366	2.397		0.651	0.219	0.063	0.068
bwu0cUZfksuu-uzTPrrl2A	3.666	3.666	3.666	3.666	3.666		4.367	1.404	2.354	2.401		0.727	0.161	0.054	0.058
kdfU5uP0dWHoVg5133zhEQ	4.286	4.286	4.286	4.286	4.286		4.674	1.361	2.367	2.375		0.863	0.072	0.031	0.033
8x0czXM4us5Z-YA9DgeQzg	5.000	5.000	5.000	5.000	5.000		5.297	1.413	2.347	2.226		0.914	0.044	0.020	0.021
_QP-vfoxfFvKMdArsoQ3Bw	3.700	3.700	3.700	3.700	3.700		4.542	1.417	2.340	2.399		0.694	0.186	0.058	0.062
AyIIESr_7vxrGcfKuYHNcA	3.353	3.353	3.353	3.353	3.353		4.354	1.624	2.353	2.391		0.594	0.263	0.069	0.074
2yTFyn4Tv6gu63i5WMHjRg	4.182	4.182	4.182	4.182	4.182		4.415	1.515	2.331	2.336		0.907	0.047	0.022	0.024
TInL9Ll_fd597SeEml0yLw	3.052	3.052	3.052	3.052	3.052		4.171	1.445	2.349	2.353		0.541	0.312	0.071	0.076
ZlvVCqFKTMK4rBkTQzVBpA	3.519	3.519	3.519	3.519	3.519		4.227	1.342	2.364	2.386		0.714	0.173	0.054	0.058
A4K8ciuB6Pz74KMmzaVs6Q	2.143	2.143	2.143	2.143	2.143		3.684	1.301	2.320	2.314		0.303	0.579	0.057	0.061
QsMcaJ1a9otkJdUHtq3JRA	4.364	4.364	4.364	4.364	4.364		4.493	1.538	2.290	2.358		0.949	0.024	0.013	0.014
e1FXpFjUZT9yIZRkhrfNvA	3.333	3.333	3.333	3.333	3.333		5.136	1.482	2.363	2.383		0.468	0.374	0.076	0.082
j4SL70C5ZdrPWC0d6dgyew	3.579	3.579	3.579	3.579	3.579		4.463	1.302	2.318	2.321		0.679	0.194	0.061	0.066
rdRbXnTBqXYWAgnrSxvXyg	3.444	3.444	3.444	3.444	3.444		4.147	1.334	2.345	2.395		0.707	0.176	0.056	0.061
BtqIbQ44Pa7-4pAIfPnc9Q	3.267	3.267	3.267	3.267	3.267		4.277	1.309	2.470	2.331		0.610	0.255	0.065	0.070
f0kNfld67dLTLKwbilSQeA	3.800	3.800	3.800	3.800	3.800		4.208	1.308	2.308	2.428		0.831	0.092	0.037	0.040
Az_IY3TgnOcnh1dXd7GZLg	3.935	3.935	3.935	3.935	3.935		4.333	1.442	2.359	2.390		0.838	0.088	0.036	0.038
EKctZ5U8z0UwaoYGxiIecQ	1.846	1.846	1.846	1.846	1.846		3.931	1.263	2.345	2.354		0.180	0.725	0.046	0.049
R2ir0q71ZgVdi4HJp6n2dw	3.333	3.333	3.333	3.333	3.333		4.390	1.389	2.363	2.438		0.600	0.258	0.068	0.073
lc30P-jafzWzl93QOJI7qg	4.500	4.500	4.500	4.500	4.500		4.680	1.360	2.362	2.364		0.936	0.031	0.016	0.017
N65SKsoAgkry4pjB2yorRQ	5.000	5.000	5.000	5.000	5.000		5.349	1.437	2.375	2.389		0.899	0.052	0.024	0.025
P8pJ2tUS-KnO8H4sbaAxTw	3.737	3.737	3.737	3.737	3.737		4.450	1.379	2.355	2.415		0.731	0.157	0.054	0.058
7iKl8h0j3GVSvni2yx2cJQ	3.477	3.477	3.477	3.477	3.477		4.296	1.375	2.369	2.399		0.676	0.198	0.061	0.065
IgFexUz_OuQtbyQomecicA	3.143	3.143	3.143	3.143	3.143		4.516	1.424	2.325	2.382		0.511	0.340	0.072	0.077
KcdG7eu9xDhqXVo3pfQBrA	1.500	1.500	1.500	1.500	1.500		3.940	1.352	2.310	2.354		0.044	0.922	0.017	0.017
n0OIZOmu5rOWSJ0-l4b6mw	2.276	2.276	2.276	2.276	2.276		4.273	1.474	2.337	2.371		0.250	0.634	0.056	0.060
zG_wv69bsllw_PWhOmoAKQ	4.249	4.249	4.249	4.249	4.249		4.519	1.418	2.381	2.387		0.897	0.053	0.024	0.026
-u-B9Rm3DHpLThpakVXH3w	3.143	3.143	3.143	3.143	3.143		4.080	1.331	2.299	2.357		0.609	0.253	0.066	0.071
iwFGxwkDJQhPSI1Cj24QYQ	4.110	4.110	4.110	4.110	4.110		4.658	1.419	2.370	2.390		0.805	0.108	0.042	0.045
ZShnwF5baLo48wM3TQe0lA	3.000	3.000	3.000	3.000	3.000		4.690	1.521	2.361	2.357		0.427	0.422	0.073	0.079
HjwNVVpVFI11aiNDcPbLUA	4.750	4.750	4.750	4.750	4.750		4.918	1.341	2.353	2.404		0.945	0.027	0.014	0.015
cOcVUkT1nYdbliO8Vx5iaA	3.000	3.000	3.000	3.000	3.000		4.646	1.431	2.339	2.381		0.442	0.399	0.076	0.082
5zGFamr8v5ykzr41SmMRDg	3.286	3.286	3.286	3.286	3.286		4.300	1.334	2.333	2.404		0.611	0.254	0.065	0.070
5nrEG6lFlKfr-OluekbsTw	4.133	4.133	4.133	4.133	4.133		4.473	1.595	2.365	2.522		0.863	0.073	0.031	0.033
uLzb0n7iYbaTZKeta1RDAw	3.742	3.742	3.742	3.742	3.742		4.501	1.542	2.384	2.474		0.708	0.174	0.057	0.061
mUiYZD7HXLM7IpBVEJ_kNw	4.190	4.190	4.190	4.190	4.190		4.648	1.407	2.352	2.355		0.837	0.090	0.035	0.038
2fcd7r0AuyWIB7NQOWPtTA	2.294	2.294	2.294	2.294	2.294		4.134	1.351	2.310	2.374		0.295	0.583	0.059	0.063
WuCcv_Dyd_1B_1-4jwK7sQ	3.432	3.432	3.432	3.432	3.432		4.260	1.406	2.377	2.397		0.666	0.206	0.062	0.066
rGvkljWlP7ysvLEUucoyqA	4.540	4.540	4.540	4.540	4.540		4.655	1.558	2.376	2.413		0.957	0.021	0.011	0.012
PO2JBrCFcxd5ne-7ewDwdw	4.286	4.286	4.286	4.286	4.286		4.569	1.455	2.358	2.350		0.895	0.055	0.024	0.026
TTeIEd-zYIFaA_ZXhO8Ilg	3.773	3.773	3.773	3.773	3.773		4.520	1.373	2.362	2.351		0.728	0.162	0.053	0.057
cLojUtqkFpVIHFEvA_5Atw	3.705	3.705	3.705	3.705	3.705		4.316	1.415	2.367	2.382		0.756	0.143	0.049	0.052
_Bz6YWNI5bi0gqQI4GLvqQ	4.000	4.000	4.000	4.000	4.000		4.130	1.457	2.388	2.368		0.941	0.029	0.015	0.015
HJoLNZFj-KR3uWQO6lzNrg	4.500	4.500	4.500	4.500	4.500		4.688	1.344	2.371	2.380		0.933	0.033	0.017	0.018
OzIV3ZDwCC6aOlgs_YADAQ	4.667	4.667	4.667	4.667	4.667		4.619	1.538	2.344	2.463		1.000	0.000	0.000	0.000
fnjRIsytV43IdosAiXpkhw	4.056	4.056	4.056	4.056	4.056		4.802	1.455	2.432	2.362		0.747	0.146	0.052	0.055
ML8bLRIcWCbBqRfCQSLAKw	3.000	3.000	3.000	3.000	3.000		4.605	1.441	2.389	2.384		0.446	0.399	0.074	0.080
jOSnxb3RdIGJjc66ZUPrAQ	5.000	5.000	5.000	5.000	5.000		5.186	1.370	2.358	2.429		0.944	0.028	0.014	0.015
7vnUHjmUt9xhqNWynFnjBA	1.667	1.667	1.667	1.667	1.667		3.938	1.261	2.320	2.298		0.123	0.803	0.036	0.038
zgv0at8LGM6cmcyGWwBHiw	5.000	5.000	5.000	5.000	5.000		5.097	1.724	2.368	2.469		0.968	0.015	0.008	0.009
3m7khDnqH9QOg8gu3Ymumw	2.833	2.833	2.833	2.833	2.833		4.144	1.377	2.334	2.320		0.477	0.380	0.069	0.074
TBVBZLBsaB3NuOJ5hnbGrg	4.643	4.643	4.643	4.643	4.643		4.869	1.767	2.374	2.401		0.919	0.041	0.019	0.020
kDjwSTsUp9wUA7QytUNWkg	4.333	4.333	4.333	4.333	4.333		4.808	1.355	2.504	2.276		0.841	0.087	0.035	0.037
3StlQoRdvvdwF_It6GKy8Q	4.370	4.370	4.370	4.370	4.370		4.574	1.445	2.347	2.406		0.924	0.039	0.018	0.019
A1yl07aIgJSSHl6J9HZVBA	4.000	4.000	4.000	4.000	4.000		4.389	1.507	2.366	2.382		0.843	0.085	0.035	0.037
Rg4dHuszzF0Mb4yqtoHSiA	4.312	4.312	4.312	4.312	4.312		4.714	1.462	2.396	2.417		0.857	0.076	0.032	0.035
Q0070Z9KMleHbc-uI1e5MQ	3.671	3.671	3.671	3.671	3.671		4.267	1.448	2.377	2.381		0.754	0.142	0.050	0.054
MPmSoEd46WXqhN-5rw7Yqw	2.947	2.947	2.947	2.947	2.947		4.273	1.327	2.374	2.355		0.497	0.353	0.072	0.078
InsT_8VUeBpLGupKuQAlQg	3.966	3.966	3.966	3.966	3.966		4.402	1.593	2.365	2.413		0.822	0.098	0.038	0.041
lLa9po5Fmws7fuuAl5Md4Q	4.965	4.965	4.965	4.965	4.965		5.456	1.444	2.361	2.406		0.863	0.074	0.031	0.033
WtvgFwomRmd1tcGATO1jnQ	3.773	3.773	3.773	3.773	3.773		4.386	1.351	2.364	2.392		0.765	0.137	0.048	0.051
QAPUkvgAZcG7wxS0dawUSw	3.163	3.163	3.163	3.163	3.163		4.437	1.342	2.370	2.338		0.541	0.313	0.070	0.076
m92FR73C5LVorMfEonRuNA	3.909	3.909	3.909	3.909	3.909		4.168	1.450	2.401	2.352		0.886	0.059	0.027	0.028
-86ffSXtKifg7T14bMKLOQ	5.000	5.000	5.000	5.000	5.000		5.202	1.329	2.376	2.442		0.939	0.030	0.015	0.016
gk47gaqE27jJfsk3R8LW_Q	3.700	3.700	3.700	3.700	3.700		4.455	1.715	2.361	2.368		0.696	0.184	0.058	0.063
a1t31qMLd5fQocEjbSJ61A	2.243	2.243	2.243	2.243	2.243		4.087	1.389	2.363	2.357		0.274	0.608	0.057	0.061
TuuENwzxOFdDLY_oKCbFZw	4.374	4.374	4.374	4.374	4.374		4.551	1.477	2.383	2.425		0.932	0.033	0.017	0.018
dco35M329NcLIiT4_D3hXA	3.857	3.857	3.857	3.857	3.857		4.878	1.354	2.403	2.338		0.673	0.197	0.063	0.067
il6yjixaZ4ARFx2XZENmzw	3.294	3.294	3.294	3.294	3.294		4.420	1.395	2.328	2.435		0.580	0.275	0.070	0.075
MhkZLdUFaHt5SDcQcqOWQg	3.596	3.596	3.596	3.596	3.596		4.468	1.402	2.372	2.350		0.676	0.197	0.061	0.066
RlfX4muX5LfJsvmI9qWGvw	4.020	4.020	4.020	4.020	4.020		4.430	1.488	2.359	2.381		0.839	0.089	0.035	0.037
8-OxtKNGZAy9UBiSnNcubw	2.893	2.893	2.893	2.893	2.893		4.347	1.331	2.343	2.398		0.466	0.384	0.072	0.078
CCCu9d1Nl-zY85u2NwlEuQ	3.500	3.500	3.500	3.500	3.500		4.163	1.471	2.336	2.352		0.717	0.169	0.055	0.059
7yWtepz0vFyGP8VLbJioyw	4.784	4.784	4.784	4.784	4.784		5.080	1.429	2.373	2.431		0.907	0.047	0.022	0.024
SvoJ3Y3uqDfB4iGUaWXh8Q	3.065	3.065	3.065	3.065	3.065		4.129	1.353	2.346	2.357		0.567	0.294	0.067	0.072
c_Hgu6zirKI2l71TAhrTRQ	2.375	2.375	2.375	2.375	2.375		4.316	1.356	2.344	2.288		0.301	0.565	0.065	0.070
niT0WPogp4xBsN0tFPfGrw	2.938	2.938	2.938	2.938	2.938		4.398	1.327	2.350	2.356		0.476	0.378	0.071	0.076
T8WMaNO9mkGZ0NSXW0drAw	3.600	3.600	3.600	3.600	3.600		4.271	1.354	2.353	2.323		0.733	0.157	0.053	0.057
KKucN3P6aH84MCfPr56a8g	4.215	4.215	4.215	4.215	4.215		4.465	1.394	2.358	2.391		0.904	0.050	0.022	0.024
M75Mj9JwbL_2dDsyXQiUSw	2.437	2.437	2.437	2.437	2.437		4.097	1.384	2.362	2.388		0.338	0.525	0.066	0.071
R1tQ8JC87NCqrn9qpLyM_A	2.741	2.741	2.741	2.741	2.741		4.465	1.330	2.360	2.308		0.402	0.448	0.072	0.078
6CzC9E8a4k007-h3YbdQSA	3.547	3.547	3.547	3.547	3.547		4.569	1.428	2.363	2.365		0.634	0.229	0.066	0.071
ike5KXaekafwMFiTaZy6iw	4.160	4.160	4.160	4.160	4.160		4.571	1.399	2.406	2.321		0.849	0.081	0.034	0.036
dF-u2E0ZFAZMlAlsTjHz2A	2.951	2.951	2.951	2.951	2.951		4.151	1.386	2.365	2.367		0.514	0.339	0.071	0.077
z-Kbi8CBorjdseWXAZy84Q	3.143	3.143	3.143	3.143	3.143		4.605	1.372	2.344	2.428		0.499	0.346	0.074	0.080
8zF3m-KbRssbJrgv6sJnMg	4.453	4.453	4.453	4.453	4.453		4.942	1.436	2.343	2.363		0.842	0.086	0.035	0.038
kOsZcKkDte0pQ38Ek8mNAQ	3.706	3.706	3.706	3.706	3.706		4.536	1.384	2.390	2.379		0.698	0.180	0.058	0.063
-x5lR_lk2pRZlC8Yitq8bA	4.267	4.267	4.267	4.267	4.267		4.682	1.333	2.362	2.329		0.856	0.077	0.033	0.035
ldD1Xm8SCJuZEFgfIPkFRQ	2.000	2.000	2.000	2.000	2.000		4.093	1.303	2.279	2.358		0.211	0.681	0.053	0.055
W4cHF12due10J7xevvjvPw	3.317	3.317	3.317	3.317	3.317		4.232	1.399	2.418	2.346		0.630	0.235	0.065	0.070
NHy-HT-FI305jqgyeIWPCQ	3.400	3.400	3.400	3.400	3.400		4.071	1.394	2.357	2.342		0.708	0.176	0.056	0.060
wFN75sAjpPpYnf0De8QssA	2.810	2.810	2.810	2.810	2.810		4.118	1.379	2.358	2.371		0.469	0.383	0.071	0.076
rB6IWv6mW2IVjvgfvNGdHg	3.517	3.517	3.517	3.517	3.517		4.347	1.424	2.384	2.369		0.675	0.199	0.061	0.065
efOhcTb4a8W0owxujAFp2A	3.000	3.000	3.000	3.000	3.000		4.812	1.291	2.352	2.381		0.437	0.406	0.076	0.081
IheYoy35P3l11BQ1pNA9pg	4.143	4.143	4.143	4.143	4.143		4.223	1.587	2.357	2.357		0.964	0.017	0.009	0.010
aUDfJ-5q2hl3MnP18rQoXg	3.200	3.200	3.200	3.200	3.200		4.386	1.389	2.349	2.360		0.557	0.295	0.071	0.077
mSbFLlDB5Qu-6al1e2DSBw	4.299	4.299	4.299	4.299	4.299		4.557	1.456	2.335	2.360		0.903	0.049	0.023	0.024
gtBLo6tkIsU-OlUegS5RzQ	3.875	3.875	3.875	3.875	3.875		4.349	1.454	2.353	2.408		0.809	0.105	0.041	0.044
BXsEDghPAyCuvG5bbNYU2Q	3.526	3.526	3.526	3.526	3.526		4.292	1.559	2.369	2.310		0.685	0.194	0.058	0.062
TFdUHR5EnAPR_vgZaZo3wA	2.875	2.875	2.875	2.875	2.875		4.119	1.263	2.321	2.336		0.509	0.343	0.071	0.076
k40FgfH-MEkG4goFl_zfmw	2.143	2.143	2.143	2.143	2.143		4.920	1.275	2.340	2.322		0.202	0.674	0.059	0.064
wr3bTAXlo6aB5LIbIx6ueQ	3.953	3.953	3.953	3.953	3.953		4.427	1.426	2.357	2.400		0.816	0.101	0.040	0.043
w-RzHsvV05yT2K-JC8DJUA	3.500	3.500	3.500	3.500	3.500		4.302	1.463	2.362	2.396		0.677	0.198	0.060	0.065
EKLb_PG33FVjtJbbOksAeQ	4.105	4.105	4.105	4.105	4.105		4.548	1.674	2.371	2.463		0.826	0.096	0.038	0.041
L_Y55Zx1o89v4Oit2iEj8g	4.414	4.414	4.414	4.414	4.414		4.651	1.433	2.352	2.398		0.914	0.043	0.021	0.022
b9WZJp5L1RZr4F1nxclOoQ	4.531	4.531	4.531	4.531	4.531		4.627	1.547	2.367	2.371		0.964	0.017	0.009	0.010
FsYYQNQguIr_OCua_JkH0Q	3.684	3.684	3.684	3.684	3.684		4.359	1.384	2.353	2.388		0.738	0.156	0.051	0.055
oZsWYLfvLBJoonvxObDWtw	2.515	2.515	2.515	2.515	2.515		4.021	1.375	2.359	2.344		0.375	0.473	0.073	0.079
Ns-dXqjpwyoJdJjz0qz3GA	3.118	3.118	3.118	3.118	3.118		3.844	1.429	2.374	2.398		0.648	0.223	0.062	0.067
_OKVxtql5gdVuH_7dsvlYg	4.036	4.036	4.036	4.036	4.036		4.661	1.455	2.340	2.416		0.777	0.126	0.047	0.050
HIHOvslQA_m6S86H5QO2nw	4.385	4.385	4.385	4.385	4.385		4.737	1.430	2.344	2.398		0.877	0.064	0.028	0.030
lha64ezWn-LpDoyUwSmjBw	3.821	3.821	3.821	3.821	3.821		4.440	1.361	2.369	2.334		0.768	0.135	0.047	0.051
BH4ky1-owYRtIKRZ0bw9Rw	4.286	4.286	4.286	4.286	4.286		4.543	1.447	2.380	2.393		0.902	0.050	0.023	0.025
wb6vGps8IkQJ_gw_3IQytw	4.800	4.800	4.800	4.800	4.800		4.843	1.515	2.359	2.410		0.985	0.007	0.004	0.004
IfoPwVKmNZOoSfVFowydhg	4.000	4.000	4.000	4.000	4.000		4.674	1.495	2.356	2.426		0.759	0.138	0.050	0.053
MOy6W061xpZq6co1nmEcfA	4.714	4.714	4.714	4.714	4.714		5.999	1.441	2.418	2.342		0.692	0.180	0.062	0.066
4X_XAOeMw7AFkYhg3NINJA	4.031	4.031	4.031	4.031	4.031		4.496	1.429	2.367	2.414		0.824	0.098	0.038	0.040
Vd7tojppnWpPFUYWN5kP5g	5.000	5.000	5.000	5.000	5.000		5.267	1.479	2.366	2.379		0.920	0.040	0.019	0.020
-p9-E-KTtQRJM0nV9rx6pQ	3.667	3.667	3.667	3.667	3.667		4.520	1.518	2.344	2.350		0.681	0.193	0.060	0.065
kDPHO6hZqoKqiYNphL33eQ	3.167	3.167	3.167	3.167	3.167		4.681	1.348	2.328	2.402		0.498	0.346	0.075	0.081
_Mkp-ZD_TSmLAjR-BmBg7g	3.905	3.905	3.905	3.905	3.905		4.454	1.342	2.369	2.396		0.794	0.117	0.043	0.046
d24w8_TEu1QamA3qFI5JMw	3.000	3.000	3.000	3.000	3.000		4.336	1.479	2.333	2.369		0.486	0.362	0.073	0.079
45Vj6a0LX4B2a7loTJyb4g	4.143	4.143	4.143	4.143	4.143		4.440	1.409	2.331	2.377		0.885	0.060	0.027	0.029
2J_Og-4_BkxPbbnzjfaTjA	4.347	4.347	4.347	4.347	4.347		4.847	1.519	2.376	2.345		0.830	0.093	0.037	0.040
LcpHOYAhlhebGzPx4-45VQ	3.429	3.429	3.429	3.429	3.429		5.441	1.428	2.344	2.343		0.461	0.375	0.078	0.085
eNzzoN9UbWh2_yP3M7My5A	4.923	4.923	4.923	4.923	4.923		5.538	1.841	2.421	2.392		0.821	0.099	0.039	0.041
QzC9ePNTrJ5QQwehsmMAWA	3.104	3.104	3.104	3.104	3.104		4.265	1.389	2.348	2.375		0.547	0.306	0.071	0.076
gmnI9E8l9ZmqErrBeg88jA	4.444	4.444	4.444	4.444	4.444		4.687	1.700	2.393	2.397		0.908	0.047	0.022	0.023
eIxSLxzIlfExI6vgAbn2JA	4.223	4.223	4.223	4.223	4.223		4.398	1.544	2.372	2.388		0.928	0.036	0.018	0.019
olqW_GPLpAbzCxN-l5ezOA	4.444	4.444	4.444	4.444	4.444		4.746	1.627	2.338	2.475		0.890	0.057	0.025	0.027
3aumJyR1gN1BmK_ugiiENg	2.167	2.167	2.167	2.167	2.167		4.320	1.327	2.327	2.417		0.239	0.643	0.057	0.061
9DsXB8T3UwBYiLPiLJJuNQ	3.530	3.530	3.530	3.530	3.530		4.339	1.352	2.363	2.322		0.688	0.188	0.059	0.064
rUQfZOengMpXFkLvJrNJ3g	4.500	4.500	4.500	4.500	4.500		4.844	1.494	2.349	2.382		0.883	0.062	0.026	0.028
oU968d4WjL0dgk_8qq5BXw	2.125	2.125	2.125	2.125	2.125		3.314	1.267	2.322	2.310		0.354	0.519	0.061	0.066
0lQDOFqEVB1LQhkS2kN1RA	2.894	2.894	2.894	2.894	2.894		4.197	1.447	2.346	2.397		0.474	0.372	0.074	0.080
vKXLqyrebmNNPxWsGZolZg	3.636	3.636	3.636	3.636	3.636		4.291	1.415	2.379	2.358		0.736	0.155	0.053	0.057
g6-fdxGn2DnLeUp3Sxptow	4.939	4.939	4.939	4.939	4.939		5.000	1.444	2.349	2.351		0.980	0.009	0.005	0.006
AU6otsPsUzXp_nw27Qc1XQ	2.000	2.000	2.000	2.000	2.000		4.415	1.278	2.286	2.350		0.195	0.699	0.052	0.055
gXkv-2CPQFs1iggbftTl_g	2.867	2.867	2.867	2.867	2.867		4.137	1.406	2.360	2.406		0.482	0.370	0.071	0.076
1zcJe2LkMzcfiBEkJ3niTQ	4.750	4.750	4.750	4.750	4.750		4.926	1.375	2.333	2.379		0.942	0.028	0.014	0.015
bvJGSfinC3dpGtSIGdKGNQ	2.312	2.312	2.312	2.312	2.312		4.131	1.433	2.350	2.376		0.282	0.591	0.062	0.066
sqFiq3vh4CWZW74LPSfZcw	4.222	4.222	4.222	4.222	4.222		4.577	1.607	2.350	2.377		0.864	0.072	0.031	0.033
PF_L0dY7Ad76BleQ6Hc7Qg	3.364	3.364	3.364	3.364	3.364		4.355	1.477	2.346	2.331		0.615	0.249	0.065	0.070
hlME5-P2CudNDCUSIX2cxQ	3.500	3.500	3.500	3.500	3.500		4.145	1.510	2.352	2.418		0.717	0.169	0.055	0.059
1MApscjpyygvanCdaesG3g	3.125	3.125	3.125	3.125	3.125		4.272	1.290	2.332	2.368		0.563	0.291	0.070	0.076
l6JjVKeofCbW2wdT-80lPg	3.571	3.571	3.571	3.571	3.571		4.510	1.324	2.359	2.389		0.663	0.209	0.061	0.066
8k5x30m0D3wG1xBHZ0pqBQ	3.115	3.115	3.115	3.115	3.115		4.164	1.364	2.338	2.337		0.575	0.281	0.069	0.074
ZF58mOM_ACiIhmwr8s_G1w	3.895	3.895	3.895	3.895	3.895		4.478	1.413	2.370	2.416		0.779	0.125	0.046	0.050
aTMDGTQpHVzUY2VxBy4i8A	3.774	3.774	3.774	3.774	3.774		4.439	1.497	2.382	2.357		0.742	0.150	0.052	0.056
_hnRVcSMaLJGELaQT5RRsw	1.923	1.923	1.923	1.923	1.923		4.335	1.386	2.348	2.315		0.153	0.756	0.044	0.047
2unQHR9uaRxk3dsW6f3MGA	3.368	3.368	3.368	3.368	3.368		4.334	1.442	2.414	2.411		0.620	0.243	0.066	0.071
bxuKrGz1C4kXm_kjILdfAA	4.087	4.087	4.087	4.087	4.087		4.549	1.543	2.362	2.419		0.824	0.098	0.037	0.040
Hs5ucqGY-IzV4wIYYe_f5Q	4.500	4.500	4.500	4.500	4.500		5.186	1.374	2.342	2.380		0.797	0.113	0.044	0.047
edP6Wzpvewfk5PR_nywXdg	4.920	4.920	4.920	4.920	4.920		5.136	1.530	2.360	2.423		0.932	0.035	0.016	0.017
iR535TnJtX9aC5mp6vYprw	4.503	4.503	4.503	4.503	4.503		4.716	1.420	2.422	2.380		0.924	0.038	0.019	0.020
HmNXiIfi1qPgYnSmleXHrw	4.807	4.807	4.807	4.807	4.807		5.220	1.431	2.394	2.360		0.876	0.065	0.029	0.030
1vQLTKwmcmZXtNzfKEvMmA	3.023	3.023	3.023	3.023	3.023		4.123	1.369	2.375	2.370		0.548	0.307	0.070	0.075
Hdyfkle-fuls8fjyjQzNrA	3.750	3.750	3.750	3.750	3.750		3.986	1.303	2.406	2.413		0.890	0.056	0.026	0.028
fphcaoXU9ywS5t3zEqYyvA	2.990	2.990	2.990	2.990	2.990		4.191	1.385	2.364	2.366		0.522	0.335	0.069	0.074
GMTCRbO-3Eg12sxyRyU4Bg	4.286	4.286	4.286	4.286	4.286		4.706	1.514	2.353	2.368		0.850	0.081	0.034	0.036
WwZWQbsRooREFaiSUdVvJQ	4.333	4.333	4.333	4.333	4.333		4.832	1.560	2.352	2.313		0.830	0.095	0.037	0.039
322lV5vtiPrfKvthyqhT0g	3.833	3.833	3.833	3.833	3.833		4.656	1.217	2.357	2.350		0.723	0.162	0.056	0.060
znIdQYlDrcu3LYtJZhOrkA	2.500	2.500	2.500	2.500	2.500		3.114	1.183	2.235	2.306		0.610	0.262	0.062	0.066
x-S7Nooy3jiKChpR00mVWw	3.375	3.375	3.375	3.375	3.375		4.392	1.359	2.374	2.397		0.618	0.244	0.067	0.072
FCc2t3iBWZ5lQM6CsFSVXQ	2.867	2.867	2.867	2.867	2.867		4.545	1.405	2.336	2.331		0.420	0.427	0.074	0.080
EpQDugxrbGJlvpSx8piy7A	2.667	2.667	2.667	2.667	2.667		4.347	1.363	2.363	2.319		0.389	0.464	0.071	0.076
Nu9ncTohg8Uo_BNFl_LH_w	4.778	4.778	4.778	4.778	4.778		5.239	1.425	2.410	2.422		0.862	0.073	0.031	0.033
coo6eAhevrKNC1azLAfGaw	4.212	4.212	4.212	4.212	4.212		4.532	1.501	2.381	2.412		0.877	0.064	0.028	0.030
2bFrNEhlNjFA7aqJyYBXmw	3.333	3.333	3.333	3.333	3.333		4.267	1.400	2.365	2.343		0.629	0.235	0.065	0.070
vFOgPc3Ib5wzejPhGqxM4Q	4.000	4.000	4.000	4.000	4.000		4.494	1.417	2.366	2.353		0.814	0.102	0.041	0.044
Iu8jmmDFcDSf5PCdor1dvg	3.756	3.756	3.756	3.756	3.756		4.430	1.576	2.355	2.397		0.733	0.157	0.053	0.057
28-2Guqn4HpomlYlJ5UoZw	2.821	2.821	2.821	2.821	2.821		4.238	1.348	2.369	2.354		0.457	0.394	0.072	0.077
hdnlJWry4D_UaSsRovWUTQ	3.375	3.375	3.375	3.375	3.375		3.802	1.320	2.368	2.403		0.789	0.119	0.044	0.048
r09Kgul5TUPtHvRVRJ-sWw	3.296	3.296	3.296	3.296	3.296		4.377	1.577	2.370	2.339		0.573	0.280	0.070	0.076
QdOCSKROozmhBKfxujWL9A	4.187	4.187	4.187	4.187	4.187		4.456	1.487	2.358	2.368		0.894	0.055	0.025	0.026
zhAR01_0FiT1fRxdOUu_vg	3.909	3.909	3.909	3.909	3.909		4.985	1.366	2.314	2.334		0.668	0.201	0.063	0.068
MRntQraGJZMWtfAhPv_JZA	1.750	1.750	1.750	1.750	1.750		4.078	1.241	2.325	2.342		0.147	0.769	0.041	0.044
X2xC_dpOqLQaELs5s4aYQQ	3.565	3.565	3.565	3.565	3.565		4.163	1.388	2.342	2.387		0.748	0.149	0.050	0.053
_ql42UadWUh9SgU09_c2mQ	3.333	3.333	3.333	3.333	3.333		4.072	1.437	2.359	2.435		0.674	0.201	0.060	0.065
yFf_1Yduhde1EnVIY7lZMQ	3.778	3.778	3.778	3.778	3.778		4.285	1.516	2.353	2.438		0.787	0.120	0.045	0.048
Y3a3RkR97J_ReiKgiMXeJg	3.157	3.157	3.157	3.157	3.157		4.287	1.402	2.360	2.399		0.559	0.295	0.070	0.076
A1hqUVCcjRJb3PB96QFY0w	3.577	3.577	3.577	3.577	3.577		4.226	1.311	2.347	2.387		0.738	0.153	0.052	0.056
WCorga9tk_SayxbZbP7Hvg	1.727	1.727	1.727	1.727	1.727		3.936	1.330	2.346	2.295		0.124	0.801	0.036	0.039
AOx9VwNMm-mjyTYS-PxxqQ	4.538	4.538	4.538	4.538	4.538		5.270	1.436	2.321	2.390		0.786	0.119	0.045	0.049
gJTxExxjYywlgOPeoYxfKw	3.667	3.667	3.667	3.667	3.667		4.004	1.482	2.349	2.371		0.841	0.086	0.035	0.038
uCDUZlheKW_SA_qHvli8_Q	3.893	3.893	3.893	3.893	3.893		4.366	1.469	2.366	2.380		0.810	0.105	0.041	0.044
-r5aq7vjN6lMFDZ4XYErkQ	4.083	4.083	4.083	4.083	4.083		4.630	1.414	2.358	2.341		0.805	0.110	0.041	0.044
A9acBFCTT87z9pXngUwN8g	1.824	1.824	1.824	1.824	1.824		4.167	1.348	2.328	2.381		0.139	0.778	0.041	0.043
DnZkFbDjnts5ABUUA9QuVg	3.583	3.583	3.583	3.583	3.583		4.031	1.449	2.368	2.441		0.794	0.118	0.042	0.046
wsEpY9SKydAAr5ESWCEo0Q	4.286	4.286	4.286	4.286	4.286		5.370	1.991	2.392	2.511		0.661	0.206	0.064	0.069
iWlaj4R-2BTsWR7PwL90BQ	2.400	2.400	2.400	2.400	2.400		4.182	1.307	2.349	2.387		0.330	0.534	0.066	0.070
fiakOloknJZNUDD-yly-Ew	3.200	3.200	3.200	3.200	3.200		4.299	1.259	2.339	2.284		0.589	0.268	0.069	0.074
7h0-KtLbYH1gu6QBv_-jxg	4.000	4.000	4.000	4.000	4.000		4.464	1.559	2.370	2.375		0.818	0.102	0.039	0.041
VYCbveCk-j4UR_aSTuASJA	3.455	3.455	3.455	3.455	3.455		4.399	1.374	2.344	2.415		0.643	0.223	0.064	0.069
x8MeQsAS0IHmnDK7L9FPBA	4.500	4.500	4.500	4.500	4.500		4.692	1.433	2.372	2.514		0.930	0.034	0.017	0.018
qC6ZqST6Q58qXHsDAjM_5w	3.833	3.833	3.833	3.833	3.833		4.463	1.466	2.348	2.300		0.761	0.138	0.049	0.053
e5ri6gZgqYNe37uXGtmetg	4.250	4.250	4.250	4.250	4.250		4.461	1.481	2.360	2.350		0.917	0.043	0.020	0.021
Pi9EcYGuqNqidxbiqLAI4A	4.250	4.250	4.250	4.250	4.250		5.101	1.396	2.343	2.315		0.743	0.148	0.053	0.057
naDTO22ssRv4WycLVNeaWw	2.375	2.375	2.375	2.375	2.375		4.234	1.351	2.347	2.395		0.308	0.559	0.064	0.069
2jvaBYOPXvJawLFJ_c9koA	4.292	4.292	4.292	4.292	4.292		4.680	1.434	2.344	2.415		0.861	0.074	0.031	0.034
83kcLyAGm8oG2CSfHhUGJA	3.714	3.714	3.714	3.714	3.714		4.104	1.682	2.346	2.334		0.818	0.103	0.038	0.041
xWUQak48XdNZ4ZlkaI4zng	4.329	4.329	4.329	4.329	4.329		4.579	1.479	2.363	2.406		0.906	0.048	0.022	0.024
u5BeVgTyqYPowJpRt5bnJA	3.375	3.375	3.375	3.375	3.375		4.026	1.486	2.334	2.301		0.706	0.178	0.056	0.061
xo59CPoI28zE9SqkPx6lHw	1.889	1.889	1.889	1.889	1.889		3.694	1.301	2.357	2.348		0.202	0.699	0.048	0.051
K-bnsVa7FO-mTDTNRpoE9g	4.214	4.214	4.214	4.214	4.214		4.458	1.624	2.355	2.454		0.901	0.051	0.023	0.025
a7A0IT_RrdIL6K1l-76-Cg	4.100	4.100	4.100	4.100	4.100		4.409	1.356	2.386	2.340		0.880	0.062	0.028	0.030
a_5_3LDzqgclJLrkv8qykg	3.333	3.333	3.333	3.333	3.333		4.240	1.493	2.363	2.354		0.627	0.237	0.065	0.071
Qrqi9uBLZA37CWLlzYBfUA	3.654	3.654	3.654	3.654	3.654		4.251	1.424	2.335	2.436		0.754	0.143	0.050	0.054
l184ekbNhRbhoG-yuCgSAA	4.250	4.250	4.250	4.250	4.250		4.524	1.519	2.406	2.410		0.894	0.055	0.025	0.027
wWvInCI38F80lqLvnW26hg	4.125	4.125	4.125	4.125	4.125		4.460	1.500	2.348	2.369		0.869	0.069	0.030	0.032
GwsLyeBlPodk1MFjS-XHJA	3.917	3.917	3.917	3.917	3.917		4.532	1.488	2.338	2.417		0.769	0.132	0.048	0.051
guD6--j7BIeqcFW_IUFbgw	3.617	3.617	3.617	3.617	3.617		4.547	1.652	2.343	2.386		0.646	0.222	0.063	0.068
RQ5Fe5XMJokYJaBkP-i4jA	2.500	2.500	2.500	2.500	2.500		3.795	1.336	2.287	2.292		0.414	0.433	0.074	0.080
XHjpd-DM7-5paAurBTlTJw	3.286	3.286	3.286	3.286	3.286		4.034	1.441	2.373	2.395		0.665	0.208	0.061	0.066
GqrhOlfH2e5p_8aRjKqQAA	1.840	1.840	1.840	1.840	1.840		4.386	1.375	2.341	2.339		0.128	0.790	0.040	0.042
Cx1UnfXknZgT55VbUTe90g	4.300	4.300	4.300	4.300	4.300		4.677	1.678	2.364	2.409		0.859	0.076	0.032	0.034
YbqNbrnOEk2T0qIBbTivuQ	3.947	3.947	3.947	3.947	3.947		4.296	1.471	2.389	2.440		0.854	0.078	0.033	0.035
SOrR-TNq-vx_7B_-_D20Eg	2.688	2.688	2.688	2.688	2.688		4.132	1.279	2.335	2.355		0.441	0.418	0.068	0.073
1l1fzLk3lg8rjH7xa5k8mA	4.900	4.900	4.900	4.900	4.900		4.989	1.449	2.375	2.462		0.971	0.014	0.008	0.008
pNNiVpYRjGOldveDMVrXMQ	3.095	3.095	3.095	3.095	3.095		4.325	1.341	2.322	2.385		0.537	0.314	0.072	0.077
hh6_qrMO55jKrzIeVUNfmQ	4.619	4.619	4.619	4.619	4.619		4.907	1.475	2.352	2.434		0.903	0.049	0.023	0.024
syfCpXqRXeL4tyokKx6JJw	4.051	4.051	4.051	4.051	4.051		4.352	1.467	2.400	2.416		0.877	0.066	0.028	0.030
eHD1iu4B5yd_wj_uiSapzQ	3.608	3.608	3.608	3.608	3.608		4.516	1.429	2.353	2.370		0.667	0.204	0.062	0.067
_L7ncquz3JaVmXSehvPovA	3.500	3.500	3.500	3.500	3.500		4.561	1.584	2.370	2.356		0.606	0.251	0.068	0.074
NaKzzDKN79r9D-fMxfUZmA	3.508	3.508	3.508	3.508	3.508		4.427	1.386	2.372	2.376		0.655	0.213	0.063	0.068
OF8YXSir4iZvzHwCz6QLug	3.250	3.250	3.250	3.250	3.250		3.913	1.579	2.358	2.275		0.677	0.199	0.059	0.064
jRfdz5voj40P6WS9L54caw	4.053	4.053	4.053	4.053	4.053		4.541	1.409	2.362	2.389		0.819	0.099	0.039	0.042
oly8HWl0MtuioFWKPINIFg	3.616	3.616	3.616	3.616	3.616		4.252	1.391	2.384	2.390		0.740	0.152	0.052	0.056
1ZzAk-yucZfq_Msv4-lHUw	3.348	3.348	3.348	3.348	3.348		4.303	1.842	2.348	2.381		0.581	0.274	0.070	0.075
jIrWRIq_iGch60qkOvjdPw	4.667	4.667	4.667	4.667	4.667		4.701	1.447	2.363	2.387		0.987	0.005	0.003	0.004
BSlmhfVEsy16C_ZUpcyB8w	4.044	4.044	4.044	4.044	4.044		4.637	1.468	2.355	2.375		0.786	0.120	0.045	0.048
qQNjHyoFL3_0xugLf8sM2A	4.356	4.356	4.356	4.356	4.356		4.435	1.436	2.367	2.415		0.968	0.015	0.008	0.009
e5xJGurgQboeP5AdX29Bxg	2.778	2.778	2.778	2.778	2.778		4.075	1.282	2.375	2.365		0.479	0.375	0.070	0.076
8Gmjirpg6V_a2u0K4In6Iw	3.452	3.452	3.452	3.452	3.452		4.093	1.450	2.374	2.411		0.717	0.169	0.055	0.059
MQsMlsL6J3V25ssYzHQehw	4.500	4.500	4.500	4.500	4.500		4.898	1.620	2.398	2.389		0.864	0.073	0.031	0.033
teL2fc-Syit_0x89H4fCkQ	4.353	4.353	4.353	4.353	4.353		5.118	1.413	2.428	2.321		0.767	0.132	0.049	0.052
zWmMse__At85rO_ivLcpXA	2.800	2.800	2.800	2.800	2.800		4.330	1.384	2.367	2.464		0.429	0.423	0.072	0.076
1yxoQFeyux1Ig3qqCWKzGA	3.455	3.455	3.455	3.455	3.455		3.988	1.585	2.377	2.385		0.743	0.151	0.051	0.055
U5NuvuevF4GelzwXsIz_Lg	4.500	4.500	4.500	4.500	4.500		4.663	1.362	2.386	2.394		0.942	0.029	0.014	0.015
AXxtBH6ctfRD_pPh9ZsANQ	4.366	4.366	4.366	4.366	4.366		4.492	1.474	2.375	2.416		0.950	0.024	0.013	0.013
XIcmcmjX87v59DXh0iQW8g	2.864	2.864	2.864	2.864	2.864		4.484	1.347	2.356	2.389		0.434	0.415	0.073	0.078
VijbjJSqgZXQzMaf3XRT7Q	4.750	4.750	4.750	4.750	4.750		4.983	1.470	2.313	2.373		0.925	0.039	0.018	0.019
RckDRNy07cN5_QvEpGPvNg	3.000	3.000	3.000	3.000	3.000		4.424	1.308	2.301	2.228		0.497	0.354	0.072	0.078
9w0NMlgg8Z_P3JUSQK0mPA	4.098	4.098	4.098	4.098	4.098		4.566	1.500	2.352	2.363		0.826	0.097	0.037	0.040
jrTLGX0d57NqYJ6NscZHaA	4.216	4.216	4.216	4.216	4.216		4.705	1.444	2.360	2.377		0.828	0.094	0.038	0.040
drrQIOQfEwv29L8B6E5_UQ	4.250	4.250	4.250	4.250	4.250		4.594	1.359	2.368	2.406		0.875	0.065	0.029	0.031
Cu9azoG5MnxVECs8LspKUw	2.250	2.250	2.250	2.250	2.250		4.356	1.438	2.345	2.401		0.237	0.634	0.062	0.066
gQ_CKw5O8Vgt-lYXt2vnqw	3.042	3.042	3.042	3.042	3.042		4.367	1.368	2.319	2.356		0.509	0.339	0.073	0.079
-pmmu39MjTD0ht6Jjf-gmw	4.138	4.138	4.138	4.138	4.138		4.658	1.530	2.374	2.428		0.810	0.105	0.041	0.044
_ji6oh2RwfOOt0jMznT5wg	4.169	4.169	4.169	4.169	4.169		4.501	1.369	2.377	2.418		0.875	0.067	0.028	0.030
KVq-1WEJNKK2NqFC7nUoRg	4.429	4.429	4.429	4.429	4.429		4.590	1.572	2.366	2.422		0.938	0.030	0.015	0.016
kdwGeJlYwmqt9X49IG49mQ	4.000	4.000	4.000	4.000	4.000		4.426	1.424	2.383	2.325		0.835	0.090	0.037	0.039
RQ_QaWi1Cc4X6odfGuUGcA	3.646	3.646	3.646	3.646	3.646		4.294	1.457	2.373	2.356		0.737	0.154	0.053	0.056
-wmGTRAVWr_CNOXLtz4MHg	4.400	4.400	4.400	4.400	4.400		5.143	1.533	2.360	2.350		0.772	0.129	0.048	0.051
UvaMzHlR0kI1Up3vvbrszQ	4.111	4.111	4.111	4.111	4.111		4.871	1.739	2.402	2.360		0.735	0.155	0.053	0.057
vFJmFFfPVhHkC3bWOeZnNA	3.833	3.833	3.833	3.833	3.833		4.397	1.415	2.395	2.355		0.780	0.125	0.046	0.049
ne44CkXiTPRCx0UQrP4AsQ	3.562	3.562	3.562	3.562	3.562		4.770	1.334	2.370	2.349		0.605	0.250	0.069	0.075
yIRwXAtC3zLGy0_FaBecpQ	3.726	3.726	3.726	3.726	3.726		4.706	1.391	2.354	2.384		0.666	0.204	0.063	0.068
gak2GGkgucTsnsbEanCb9A	2.765	2.765	2.765	2.765	2.765		3.969	1.459	2.369	2.383		0.469	0.391	0.067	0.072
elKDW2151GDdM7QC8EgWAw	5.000	5.000	5.000	5.000	5.000		4.612	1.375	2.344	2.391		1.000	0.000	0.000	0.000
BL3SqCfSJuDTNDR9_b9NdQ	3.679	3.679	3.679	3.679	3.679		4.659	1.408	2.351	2.408		0.659	0.209	0.063	0.068
GmzpzmxinfLMw5OXQKFEBQ	4.754	4.754	4.754	4.754	4.754		4.793	1.489	2.369	2.420		0.986	0.006	0.004	0.004
bdTzNQ18wfPbyiXHJKL1dg	4.704	4.704	4.704	4.704	4.704		4.744	1.426	2.379	2.375		0.986	0.006	0.004	0.004
lut0g04VsYRyblR1Ad-8HA	3.515	3.515	3.515	3.515	3.515		4.020	1.382	2.376	2.351		0.772	0.130	0.048	0.051
n9iOBTyrgFRE4WT1Lq_wAA	4.593	4.593	4.593	4.593	4.593		4.741	1.482	2.376	2.380		0.947	0.026	0.013	0.014
5Pc2t6v5MmCe3hrWDhil4A	3.167	3.167	3.167	3.167	3.167		4.082	1.461	2.343	2.396		0.604	0.261	0.065	0.070
uJyJlmbvIgF8pUWP4TfRgQ	1.800	1.800	1.800	1.800	1.800		3.971	1.308	2.302	2.354		0.152	0.762	0.042	0.044
5vKdGeias7HTd3o6qojDFQ	2.786	2.786	2.786	2.786	2.786		4.200	1.411	2.325	2.404		0.442	0.410	0.072	0.076
XpNxXmqBKZE5ZHaI-ZgAmw	3.778	3.778	3.778	3.778	3.778		4.653	1.410	2.377	2.389		0.694	0.186	0.058	0.062
8GyY2NcCBgUMIfRulHL93A	2.625	2.625	2.625	2.625	2.625		4.408	1.302	2.456	2.395		0.374	0.482	0.069	0.075
RHYJho19op3wdNfJOFUR0A	4.400	4.400	4.400	4.400	4.400		4.728	1.374	2.374	2.394		0.886	0.059	0.027	0.028
-fsCfTYEnJ4s6yStgBnQig	3.821	3.821	3.821	3.821	3.821		4.295	1.398	2.358	2.402		0.808	0.108	0.040	0.043
T5qxp0rdLRYPRduelP2QsQ	4.042	4.042	4.042	4.042	4.042		4.740	1.391	2.377	2.425		0.761	0.137	0.050	0.053
X1VjTSPi3sA45R9m3H1F4Q	4.500	4.500	4.500	4.500	4.500		4.473	1.436	2.344	2.375		1.000	0.000	0.000	0.000
utaa0nJx3K0MHRrddxk-8g	1.500	1.500	1.500	1.500	1.500		3.991	1.326	2.344	2.399		0.051	0.912	0.018	0.019
-mQrL-pfyacw9jSx4YbSPQ	3.944	3.944	3.944	3.944	3.944		4.675	1.439	2.371	2.347		0.744	0.150	0.051	0.055
y-vgDxYiYhcmv39_v0SweQ	3.783	3.783	3.783	3.783	3.783		4.883	1.348	2.354	2.367		0.650	0.214	0.065	0.070
BzvSlUIwB08C-1GK93mQbg	3.800	3.800	3.800	3.800	3.800		4.748	1.567	2.345	2.423		0.669	0.202	0.062	0.067
Kp-L_ftcZzOk6nt6HTMWdw	2.462	2.462	2.462	2.462	2.462		4.115	1.355	2.299	2.315		0.353	0.507	0.068	0.073
Lq0kV5Tp6QcAMP-OOnHCtA	3.100	3.100	3.100	3.100	3.100		4.226	1.365	2.351	2.405		0.555	0.299	0.070	0.075
h5JKXSaonX_uxPutVp7ilQ	3.611	3.611	3.611	3.611	3.611		4.263	1.403	2.378	2.371		0.735	0.156	0.053	0.057
WowrRUKvjiLX4zT12xU_yw	3.762	3.762	3.762	3.762	3.762		4.733	1.415	2.355	2.368		0.670	0.200	0.062	0.067
XRf02mOIN4JkbHShrsFacw	4.200	4.200	4.200	4.200	4.200		4.852	1.402	2.350	2.351		0.785	0.121	0.046	0.049
xyykk6JeU-i-aTRFhVU0Yg	3.071	3.071	3.071	3.071	3.071		4.153	1.383	2.291	2.296		0.562	0.293	0.070	0.076
yZiV6fBKOuD7vX0NhpNDjQ	2.571	2.571	2.571	2.571	2.571		4.158	1.398	2.380	2.402		0.377	0.489	0.065	0.069
guCjJhxjlajTJ0rNhFp98Q	3.571	3.571	3.571	3.571	3.571		4.339	1.366	2.342	2.494		0.700	0.183	0.056	0.061
Rbcb8yJ8_uqnxACZ991cQg	3.833	3.833	3.833	3.833	3.833		4.196	1.425	2.335	2.416		0.844	0.084	0.035	0.037
zpLelquYy0UJY9ywWxWEKQ	3.714	3.714	3.714	3.714	3.714		4.767	1.408	2.351	2.361		0.649	0.219	0.064	0.069
7y2Fgu5sdYQrzuJxatXMNg	2.833	2.833	2.833	2.833	2.833		4.352	1.366	2.512	2.403		0.437	0.415	0.071	0.077
ZEM4THAB2MRItUV8DQ5b0g	3.152	3.152	3.152	3.152	3.152		4.324	1.392	2.355	2.325		0.554	0.303	0.069	0.074
GYbCN7JrNHnjhjAIrwrrqw	3.754	3.754	3.754	3.754	3.754		4.302	1.457	2.395	2.384		0.776	0.128	0.047	0.050
COSi3nwWXSOhuvrt1D54ag	4.760	4.760	4.760	4.760	4.760		4.976	1.392	2.368	2.383		0.930	0.035	0.017	0.018
liJ7u970FYGtRTo5EOxvqg	3.226	3.226	3.226	3.226	3.226		4.147	1.407	2.352	2.348		0.617	0.246	0.066	0.071
hincH2iTdGVtcWfpYj_g_Q	2.667	2.667	2.667	2.667	2.667		4.272	1.407	2.343	2.327		0.392	0.461	0.071	0.076
BRh2_fmgsFF2Ce0XuyJq2A	4.688	4.688	4.688	4.688	4.688		4.478	1.341	2.310	2.399		1.000	0.000	0.000	0.000
3oJvShXv3HYTwl7rlcLFJg	2.500	2.500	2.500	2.500	2.500		3.999	1.354	2.408	2.380		0.374	0.476	0.072	0.078
gkwzvaYWC7LODxDw1yY0Dw	4.722	4.722	4.722	4.722	4.722		5.111	1.446	2.408	2.382		0.879	0.063	0.028	0.030
X4CnrlflZBDMRzSPWfMBaQ	3.000	3.000	3.000	3.000	3.000		4.168	1.349	2.338	2.357		0.534	0.319	0.071	0.076
-g0zVR9LswlUud9m1eFuUQ	4.419	4.419	4.419	4.419	4.419		4.707	1.578	2.378	2.422		0.895	0.056	0.024	0.026
YCOdc9dQ9fLPe3Biz62MPg	3.100	3.100	3.100	3.100	3.100		4.283	1.362	2.381	2.399		0.543	0.310	0.071	0.076
pfl19h-z3kC63cl3AzSp2g	3.944	3.944	3.944	3.944	3.944		4.715	1.435	2.325	2.370		0.734	0.155	0.054	0.058
dndUaMedUv4qw_UfAbrrGg	3.773	3.773	3.773	3.773	3.773		4.634	1.403	2.400	2.379		0.696	0.182	0.059	0.063
_kL4evOcRHHEquKnndUTkg	3.472	3.472	3.472	3.472	3.472		4.274	1.476	2.352	2.358		0.674	0.200	0.061	0.065
fd8Pa584WDbhuw5oqGkOcg	3.306	3.306	3.306	3.306	3.306		4.572	1.422	2.343	2.401		0.553	0.297	0.072	0.078
hizgH5Mxsh0mnfFeMqlOKA	3.882	3.882	3.882	3.882	3.882		4.505	1.456	2.383	2.508		0.763	0.136	0.049	0.053
OU6yfyuCzwJZvZFRnTOZzg	3.958	3.958	3.958	3.958	3.958		4.511	1.459	2.367	2.377		0.791	0.117	0.044	0.047
hOgRm57WFD_6fA5ZeiCiWg	3.326	3.326	3.326	3.326	3.326		4.189	1.370	2.380	2.349		0.648	0.221	0.063	0.068
zpmNNiB-fPMUTt4aNWqG8Q	3.667	3.667	3.667	3.667	3.667		4.057	1.440	2.382	2.388		0.823	0.099	0.038	0.040
rXLHlQP_ogFsa1JhHLhkEg	3.333	3.333	3.333	3.333	3.333		4.303	1.435	2.351	2.436		0.615	0.246	0.067	0.072
7z6y1xm-8UNo35YoDFnpHQ	2.300	2.300	2.300	2.300	2.300		3.903	1.344	2.369	2.364		0.321	0.548	0.063	0.068
LINlXPAeUagT_UL2lCcH0A	3.714	3.714	3.714	3.714	3.714		4.247	1.509	2.390	2.424		0.773	0.129	0.047	0.050
TYv7VYhXKkipYRUD039PgQ	5.000	5.000	5.000	5.000	5.000		5.178	1.861	2.361	2.407		0.942	0.029	0.014	0.015
KU3Y8aya5dLYwzdvgSFpPg	4.571	4.571	4.571	4.571	4.571		4.878	1.411	2.390	2.420		0.897	0.053	0.024	0.026
yMAJeQulLvOov-5gg2nM9A	4.154	4.154	4.154	4.154	4.154		4.572	1.465	2.370	2.375		0.845	0.084	0.035	0.037
bZReunQUclSYApawpe787g	4.613	4.613	4.613	4.613	4.613		4.843	1.370	2.365	2.366		0.922	0.039	0.019	0.020
gZ3GVh4aER2q6_UdA6fTKw	4.323	4.323	4.323	4.323	4.323		4.932	1.616	2.372	2.344		0.796	0.114	0.043	0.046
WJ58kNUDdUgogJD12fUURA	2.500	2.500	2.500	2.500	2.500		5.316	1.300	2.385	2.375		0.262	0.602	0.066	0.071
eR7cwYFZDkNqBSSTohNwLw	3.889	3.889	3.889	3.889	3.889		4.193	1.583	2.350	2.380		0.865	0.073	0.030	0.032
7sc5j9G5A79MTXrRC6sOiQ	3.000	3.000	3.000	3.000	3.000		4.235	1.485	2.339	2.408		0.503	0.348	0.072	0.077
m8XEGqj6SGJuwrsbh1njrQ	4.583	4.583	4.583	4.583	4.583		4.704	1.364	2.350	2.304		0.957	0.020	0.011	0.012
yhlkIBGBG6cuNtzWlW8DeA	4.250	4.250	4.250	4.250	4.250		4.491	1.459	2.382	2.393		0.906	0.048	0.022	0.024
vJ8h5KUTL5L7taf72zcOlA	3.714	3.714	3.714	3.714	3.714		4.518	1.485	2.351	2.361		0.700	0.179	0.058	0.062
_ED-tcE-bsR7oFYWZwvUAQ	4.370	4.370	4.370	4.370	4.370		4.573	1.461	2.363	2.378		0.924	0.038	0.019	0.020
-0lRv242OzyPUB8c5E_UhQ	4.500	4.500	4.500	4.500	4.500		4.707	1.348	2.362	2.447		0.927	0.037	0.018	0.019
tgzdk1Tzh2dPSaRSGSNPIA	1.800	1.800	1.800	1.800	1.800		4.030	1.316	2.369	2.347		0.146	0.770	0.041	0.044
sKNqTICN-nyn5hRNmPO8tQ	3.512	3.512	3.512	3.512	3.512		4.167	1.369	2.416	2.333		0.726	0.162	0.054	0.058
eQ9Xay6XCihxtjdv4V5hNw	5.000	5.000	5.000	5.000	5.000		5.039	1.386	2.413	2.338		0.987	0.006	0.004	0.004
NjHwPn2d3TL_xxnheXoSmw	4.143	4.143	4.143	4.143	4.143		4.443	1.462	2.391	2.416		0.881	0.062	0.028	0.029
E2a4NoMqfjP0B98fluuI5Q	5.000	5.000	5.000	5.000	5.000		5.142	1.545	2.387	2.434		0.955	0.022	0.011	0.012
W7yZEtS5oyZxZqT0MbdycQ	2.800	2.800	2.800	2.800	2.800		5.119	1.335	2.355	2.389		0.347	0.507	0.070	0.076
cX1bXBhft3uM_xdBruyyxg	4.059	4.059	4.059	4.059	4.059		4.909	1.399	2.309	2.399		0.727	0.159	0.055	0.059
DWkqbIM93bNRrpPFn_765g	3.182	3.182	3.182	3.182	3.182		4.195	1.367	2.335	2.359		0.593	0.266	0.068	0.073
NOuSa7Yy4yHYKDD0rNod9Q	3.650	3.650	3.650	3.650	3.650		4.405	1.400	2.379	2.374		0.711	0.172	0.056	0.061
d_8bMNQd0mesbEUeq1U2kQ	4.010	4.010	4.010	4.010	4.010		4.258	1.506	2.376	2.376		0.894	0.055	0.025	0.027
9J2luGHPaVdlz7rZjDDjIg	3.750	3.750	3.750	3.750	3.750		4.172	1.441	2.330	2.363		0.819	0.100	0.039	0.042
_GWuXjPNBnO56OaT_daPZQ	3.370	3.370	3.370	3.370	3.370		4.378	1.389	2.367	2.381		0.617	0.244	0.067	0.072
pA659_V23xpRPYnQdh0vDA	4.583	4.583	4.583	4.583	4.583		4.760	1.702	2.348	2.382		0.935	0.032	0.016	0.017
cOmvGmXQuFHUJAihwzdjig	4.643	4.643	4.643	4.643	4.643		4.886	1.496	2.368	2.369		0.918	0.042	0.019	0.020
PtqfFmnwf6e1JzeADwU_Yg	3.429	3.429	3.429	3.429	3.429		3.934	1.365	2.353	2.366		0.765	0.135	0.048	0.052
ugc287HhOgVukLGZTaX-YQ	3.874	3.874	3.874	3.874	3.874		4.597	1.443	2.354	2.375		0.739	0.152	0.053	0.057
SMIGMlmoHB1rv7e01zxuhQ	3.833	3.833	3.833	3.833	3.833		4.670	1.441	2.349	2.396		0.706	0.174	0.058	0.062
vJcjhJ9rQP4-T3K_hdAjfg	4.190	4.190	4.190	4.190	4.190		4.603	1.568	2.388	2.368		0.845	0.084	0.035	0.037
yExYqENb4F6qH6kJxTOaSQ	3.562	3.562	3.562	3.562	3.562		4.240	1.463	2.330	2.413		0.719	0.167	0.055	0.059
taOEQHSqfA5PTkAPQ00C4Q	2.091	2.091	2.091	2.091	2.091		4.310	1.409	2.360	2.445		0.201	0.699	0.049	0.052
FOfhEC6rN23RQaUlsR2byw	3.443	3.443	3.443	3.443	3.443		4.353	1.383	2.375	2.365		0.650	0.218	0.064	0.069
XblKHjQAQdf4nWN-j16jZg	3.778	3.778	3.778	3.778	3.778		4.562	1.355	2.319	2.321		0.721	0.164	0.055	0.060
lC9YZVhQHXHfN9Rkpk8kIA	3.643	3.643	3.643	3.643	3.643		4.465	1.464	2.361	2.435		0.687	0.189	0.060	0.064
GGyHZtnAA5LBgouB-32ARA	4.340	4.340	4.340	4.340	4.340		4.587	1.392	2.366	2.383		0.909	0.046	0.022	0.023
zbjPg_vvxCWkFjeEvVpmnA	4.440	4.440	4.440	4.440	4.440		4.626	1.646	2.388	2.350		0.929	0.036	0.017	0.018
ZFGBKeeEwIhxRFj0RFF1Xw	2.000	2.000	2.000	2.000	2.000		3.682	1.325	2.344	2.344		0.239	0.651	0.053	0.057
aHGcI-KGitnGRco_D_I9Ag	2.554	2.554	2.554	2.554	2.554		3.951	1.370	2.371	2.381		0.399	0.448	0.074	0.079
F2M6obRQeOIHPlG0haGJ0Q	4.667	4.667	4.667	4.667	4.667		4.827	1.476	2.426	2.369		0.944	0.027	0.014	0.015
hi9xRdxc0kbJvPPEC9YzfQ	4.333	4.333	4.333	4.333	4.333		4.486	1.506	2.378	2.387		0.939	0.029	0.015	0.016
8AntGFo05fMWUxK3EW6Blw	3.667	3.667	3.667	3.667	3.667		4.490	1.379	2.357	2.275		0.699	0.180	0.058	0.063
jpxlSFhdrtbNyxS6vB036A	4.424	4.424	4.424	4.424	4.424		4.783	1.768	2.373	2.410		0.868	0.070	0.030	0.032
cwAd2nytPLKmABtLXsgpIw	3.870	3.870	3.870	3.870	3.870		4.399	1.425	2.362	2.381		0.794	0.117	0.043	0.046
S4TWo9X6b3gU6uucj4JN3g	3.263	3.263	3.263	3.263	3.263		4.099	1.436	2.327	2.432		0.640	0.231	0.062	0.067
fZ0bFhP1I1tJr-fYXpXk9Q	3.400	3.400	3.400	3.400	3.400		4.119	1.321	2.354	2.281		0.701	0.180	0.057	0.062
NJdxgeK9w2S2gJe98gYnLA	2.760	2.760	2.760	2.760	2.760		4.817	1.342	2.359	2.409		0.363	0.487	0.072	0.077
b4OrcoUNutnriINTyoqhug	3.833	3.833	3.833	3.833	3.833		4.276	1.456	2.439	2.449		0.814	0.103	0.040	0.043
F5gooecXorlJGTViJBc7Zg	3.481	3.481	3.481	3.481	3.481		4.173	1.337	2.373	2.347		0.714	0.170	0.056	0.060
RVicwRiXNLuXXzpx4tEupQ	2.947	2.947	2.947	2.947	2.947		4.060	1.488	2.349	2.374		0.517	0.336	0.071	0.076
H-e74SghEFfIz_TdUS_2KQ	3.667	3.667	3.667	3.667	3.667		4.263	1.396	2.399	2.451		0.756	0.143	0.049	0.052
wiI1M3c-R46pRhGYO1FHWQ	4.421	4.421	4.421	4.421	4.421		5.187	1.490	2.345	2.428		0.769	0.133	0.047	0.051
l9JvQhr9-ktjuFQOnchFmA	3.710	3.710	3.710	3.710	3.710		4.296	1.411	2.372	2.377		0.763	0.136	0.049	0.052
kXI_-rLCUC9JGE4rFetwDA	4.800	4.800	4.800	4.800	4.800		4.932	1.580	2.331	2.293		0.956	0.022	0.011	0.011
-Fm9tt4Y9SxvptHWk3p6dQ	3.074	3.074	3.074	3.074	3.074		4.323	1.522	2.368	2.375		0.508	0.341	0.073	0.078
11_Py0PMSwvnok8K9I3AgA	3.814	3.814	3.814	3.814	3.814		4.350	1.442	2.361	2.390		0.786	0.121	0.045	0.048
VCk_5-1bJ_apN1XNbiVXBw	1.795	1.795	1.795	1.795	1.795		4.038	1.304	2.344	2.353		0.147	0.768	0.041	0.044
wRuLZDkG3zPGgxUC_uiJJA	4.524	4.524	4.524	4.524	4.524		4.513	1.529	2.348	2.407		1.000	0.000	0.000	0.000
Yg72nmS4epd8gyaXKn2o4A	3.483	3.483	3.483	3.483	3.483		4.117	1.390	2.371	2.406		0.727	0.162	0.054	0.058
L4HtxhzkDyr1p1qwYJI4GQ	4.650	4.650	4.650	4.650	4.650		5.005	1.448	2.368	2.406		0.886	0.059	0.027	0.029
ri8bxY566uKz4aFbl-Q2Nw	4.231	4.231	4.231	4.231	4.231		5.084	1.339	2.319	2.371		0.743	0.148	0.053	0.057
95RAoc1wnt2rs28Wfs6_1Q	3.389	3.389	3.389	3.389	3.389		4.239	1.418	2.367	2.374		0.656	0.217	0.061	0.066
593Sg-q-RdAhtXL5WSiCqw	2.770	2.770	2.770	2.770	2.770		4.470	1.336	2.346	2.328		0.410	0.440	0.072	0.078
sbWQCGRx1ujT82YfN3HDsw	3.833	3.833	3.833	3.833	3.833		4.668	1.344	2.339	2.390		0.713	0.170	0.057	0.061
xNf5yR4desqh-37ND3J-hw	3.000	3.000	3.000	3.000	3.000		4.073	1.368	2.328	2.215		0.555	0.300	0.070	0.076
u3SJkrNo1WkqREXa0B0ySw	4.467	4.467	4.467	4.467	4.467		4.892	1.379	2.338	2.410		0.860	0.074	0.032	0.034
IjpNspbeFf21HRA2bGjthQ	5.000	5.000	5.000	5.000	5.000		5.245	1.579	2.360	2.476		0.924	0.038	0.018	0.019
_wrA7CMbMqcWEDCNghi5cg	2.686	2.686	2.686	2.686	2.686		4.083	1.340	2.389	2.379		0.438	0.423	0.067	0.072
U12GISjtUQ7j9KMJ0nfnDQ	2.417	2.417	2.417	2.417	2.417		3.886	1.414	2.318	2.391		0.350	0.503	0.071	0.076
1WUxcJDtvGgGUqsFMqJ5vg	4.423	4.423	4.423	4.423	4.423		4.496	1.502	2.361	2.327		0.971	0.013	0.007	0.008
_wZTYYL7cutanzAnJUTGMA	3.424	3.424	3.424	3.424	3.424		4.372	1.419	2.365	2.440		0.634	0.231	0.065	0.070
9LO6L8FuFIerysdCEigOuA	5.000	5.000	5.000	5.000	5.000		5.629	1.506	2.349	2.413		0.831	0.093	0.037	0.039
pi6eN2zM9VAR4RjAoFSqzg	3.726	3.726	3.726	3.726	3.726		4.415	1.397	2.366	2.403		0.736	0.154	0.053	0.057
mzvN5p41gnhmrV367a_OpA	4.180	4.180	4.180	4.180	4.180		4.397	1.323	2.315	2.384		0.915	0.042	0.021	0.022
mFOJxE2O3tEbp70NgkveSg	1.389	1.389	1.389	1.389	1.389		4.170	1.249	2.332	2.316		0.037	0.932	0.015	0.016
VNTVqBjjzg2ooKMyazd_sQ	3.571	3.571	3.571	3.571	3.571		4.179	1.301	2.318	2.444		0.749	0.145	0.051	0.055
nqPUxdg6g5BWD7gpHaRPiA	2.714	2.714	2.714	2.714	2.714		4.333	1.375	2.356	2.368		0.403	0.449	0.071	0.076
g3WAdIH2ULX6hFI6hOfBWw	3.905	3.905	3.905	3.905	3.905		4.576	1.512	2.371	2.372		0.751	0.144	0.051	0.054
hGNAXbx9XUwau0j33tBXEg	3.000	3.000	3.000	3.000	3.000		4.102	1.484	2.361	2.504		0.528	0.331	0.068	0.073
_DRp7Tc0sp6oWu0TVt0d5g	4.125	4.125	4.125	4.125	4.125		4.980	1.365	2.393	2.364		0.732	0.157	0.053	0.057
T9P5upncD3Ngwe-kl-wljg	3.364	3.364	3.364	3.364	3.364		4.147	1.431	2.360	2.360		0.668	0.205	0.061	0.066
hh2lP4_2N-tk_OxmaTf_qA	3.913	3.913	3.913	3.913	3.913		4.544	1.412	2.360	2.390		0.768	0.132	0.048	0.052
nRu1XwMBZgY2l371Qr-fRQ	2.625	2.625	2.625	2.625	2.625		4.503	1.283	2.333	2.391		0.364	0.479	0.076	0.081
BNkSxRUCRAIYV_OZK5T1zA	2.619	2.619	2.619	2.619	2.619		4.345	1.343	2.378	2.353		0.378	0.484	0.066	0.071
BrKbukvPCBpNyxMJDmIOZA	3.700	3.700	3.700	3.700	3.700		4.263	1.427	2.346	2.378		0.769	0.132	0.048	0.051
LxxmtHFNZ5S-MyhykoE4Sg	3.944	3.944	3.944	3.944	3.944		4.353	1.471	2.365	2.308		0.836	0.090	0.036	0.039
nbpY3tbPrAksoqOrYwlx7Q	3.821	3.821	3.821	3.821	3.821		4.477	1.438	2.388	2.378		0.751	0.144	0.051	0.054
BQ5SOijC2WUEc_ySFfH-wA	5.000	5.000	5.000	5.000	5.000		5.028	1.531	2.367	2.511		0.991	0.004	0.003	0.003
zNClYBsuREQAFZZH-TmsgQ	3.632	3.632	3.632	3.632	3.632		4.190	1.381	2.384	2.337		0.767	0.134	0.048	0.052
wqOSESjr7ioLSAUOzzhqoQ	3.463	3.463	3.463	3.463	3.463		4.279	1.412	2.343	2.336		0.675	0.199	0.061	0.065
ZEjbKxRXIkcrtjURajUMGg	4.050	4.050	4.050	4.050	4.050		4.665	1.490	2.410	2.350		0.779	0.125	0.046	0.050
nR_4LsgFTxYkVxCaGOSJnw	2.812	2.812	2.812	2.812	2.812		4.308	1.354	2.363	2.389		0.442	0.409	0.072	0.077
e8Gt-GSedFlk32le0ethHQ	4.141	4.141	4.141	4.141	4.141		4.586	1.460	2.375	2.371		0.836	0.090	0.035	0.038
yTo0of6qzLmyaOZ3Uiha8w	4.656	4.656	4.656	4.656	4.656		4.755	1.570	2.356	2.438		0.964	0.017	0.009	0.010
ehpI2R49yR6Yb4PgQeSrnA	2.727	2.727	2.727	2.727	2.727		4.714	1.238	2.321	2.369		0.382	0.474	0.069	0.074
lM3q1N0lpxStCLYMCoqGhw	4.250	4.250	4.250	4.250	4.250		4.612	1.558	2.356	2.387		0.865	0.072	0.031	0.033
aX3dNl6iDh4FaSw7-ipvQw	3.250	3.250	3.250	3.250	3.250		4.197	1.376	2.370	2.358		0.616	0.246	0.066	0.071
4S7HaY1oLFQfjb0worJc1A	5.000	5.000	5.000	5.000	5.000		5.119	1.317	2.322	2.434		0.963	0.017	0.009	0.010
r6RmFqXlR4rk5p8V_pVvww	4.000	4.000	4.000	4.000	4.000		4.618	1.722	2.356	2.533		0.761	0.138	0.049	0.052
g-sizDI5AvXJ0W94VVyuqA	4.125	4.125	4.125	4.125	4.125		4.577	1.502	2.342	2.420		0.831	0.092	0.037	0.040
n29tMxO1WVpFJRrdTyb4lw	4.571	4.571	4.571	4.571	4.571		4.612	1.441	2.432	2.365		0.985	0.007	0.004	0.004
lVEV4Tn7hZA4ouG0pemNyQ	3.952	3.952	3.952	3.952	3.952		4.533	1.355	2.359	2.368		0.788	0.119	0.045	0.048
6pd0Z40VifMh6ETJrOw_0g	3.893	3.893	3.893	3.893	3.893		3.981	1.477	2.410	2.368		0.957	0.021	0.011	0.012
2riuRJvaVmZHwsSpKrMvaA	2.304	2.304	2.304	2.304	2.304		3.641	1.373	2.368	2.336		0.353	0.514	0.064	0.069
rellBaGc6G4mgcqSACGL5w	2.956	2.956	2.956	2.956	2.956		4.121	1.359	2.363	2.374		0.525	0.329	0.071	0.076
UTaQf19RjNXy91w_JKN__g	4.095	4.095	4.095	4.095	4.095		4.351	1.337	2.426	2.336		0.898	0.052	0.024	0.026
FtjvnLhh51ZBYEpKAARaFQ	3.025	3.025	3.025	3.025	3.025		3.977	1.393	2.394	2.400		0.577	0.283	0.067	0.073
3zPSw-mu1yhbPIpvV0ALiQ	2.667	2.667	2.667	2.667	2.667		3.841	1.272	2.333	2.274		0.485	0.371	0.069	0.075
gbLPR7iykaZaHtE2spUxwA	3.875	3.875	3.875	3.875	3.875		4.432	1.406	2.363	2.449		0.786	0.123	0.044	0.047
cU2fTH87QddavOQ8W11aEg	4.941	4.941	4.941	4.941	4.941		5.012	1.371	2.346	2.395		0.977	0.010	0.006	0.006
aTQ0A1Nu9smK6wXmhutecg	2.588	2.588	2.588	2.588	2.588		4.803	1.290	2.332	2.327		0.327	0.529	0.070	0.075
_IqIW9jogCxgSAZTYNZS4w	4.500	4.500	4.500	4.500	4.500		5.114	1.362	2.415	2.357		0.813	0.102	0.041	0.044
O5Ziwvu7g--CbCB-qEG5xw	4.739	4.739	4.739	4.739	4.739		4.965	1.370	2.328	2.418		0.927	0.036	0.018	0.019
N8RwSiM1mnscZHf3KodqlQ	4.438	4.438	4.438	4.438	4.438		5.143	1.343	2.354	2.390		0.789	0.117	0.045	0.048
voPFKvVFm7b01xUyJixFYA	4.118	4.118	4.118	4.118	4.118		4.570	1.404	2.370	2.391		0.834	0.090	0.037	0.039
1hyJEY-DGD898iN6S-AmtQ	2.125	2.125	2.125	2.125	2.125		4.057	1.346	2.344	2.472		0.242	0.643	0.056	0.059
uUZ6xHxv4rve92M44KD3PA	3.571	3.571	3.571	3.571	3.571		4.333	1.372	2.356	2.322		0.704	0.177	0.057	0.062
CdRiTB6JdKvOOGeQnpLTuw	4.188	4.188	4.188	4.188	4.188		4.696	1.451	2.374	2.391		0.820	0.099	0.039	0.042
tWcO9VBT8K2xJJq8vpLWmg	4.806	4.806	4.806	4.806	4.806		4.657	1.438	2.364	2.440		1.000	0.000	0.000	0.000
gwrRbRkfVIDKOfL8VWq9TQ	4.615	4.615	4.615	4.615	4.615		4.816	1.364	2.361	2.471		0.931	0.034	0.017	0.018
99AbdnOrj0mMdtAyyQ7MqQ	4.500	4.500	4.500	4.500	4.500		5.135	1.398	2.363	2.358		0.808	0.106	0.042	0.045
UWc3-FI59SjoikVw5ombVw	3.154	3.154	3.154	3.154	3.154		4.352	1.373	2.332	2.384		0.549	0.303	0.071	0.077
WhBxWYRj6rycigYqdXY9cA	3.752	3.752	3.752	3.752	3.752		4.422	1.434	2.375	2.390		0.741	0.151	0.052	0.056
IVRfWBL3u4qD6QC4l9ne8A	3.545	3.545	3.545	3.545	3.545		4.426	1.442	2.355	2.589		0.660	0.210	0.063	0.067
QOC_lGvP9zXcO8jyJ1AyxA	5.000	5.000	5.000	5.000	5.000		5.309	1.397	2.437	2.445		0.909	0.046	0.022	0.023
CVeDENXUaeQBzTgbV7LNqQ	2.043	2.043	2.043	2.043	2.043		3.950	1.288	2.335	2.325		0.236	0.643	0.058	0.063
C6lM880c3gEdk_9ZjtKYWA	3.727	3.727	3.727	3.727	3.727		4.274	1.343	2.365	2.384		0.780	0.125	0.046	0.049
WwhH1nme6D4LUqqkwZfJIg	4.632	4.632	4.632	4.632	4.632		5.064	1.861	2.376	2.393		0.854	0.079	0.032	0.034
30mZ_4EnXX4xVRFkAwcHjA	3.902	3.902	3.902	3.902	3.902		4.561	1.537	2.424	2.417		0.752	0.144	0.051	0.054
sH0gQB4t4kcDxY_MImHqYA	3.612	3.612	3.612	3.612	3.612		4.381	1.374	2.368	2.367		0.705	0.176	0.057	0.062
M0d6CT77EK8aS0AcvSNaRQ	4.000	4.000	4.000	4.000	4.000		4.478	1.470	2.378	2.397		0.816	0.103	0.039	0.042
Y1hgJ2EdldNyhuXdf5F19Q	5.000	5.000	5.000	5.000	5.000		5.353	1.378	2.393	2.387		0.899	0.052	0.024	0.025
P-VUqVXFRZ_8-2e24C6O6w	5.000	5.000	5.000	5.000	5.000		5.221	1.583	2.339	2.422		0.932	0.034	0.016	0.017
LMUCw67RhUbvZ7eV9h0Owg	1.857	1.857	1.857	1.857	1.857		4.019	1.333	2.352	2.305		0.161	0.748	0.044	0.047
nfpZPVQf7uqwq-ycIPajEA	3.133	3.133	3.133	3.133	3.133		4.431	1.372	2.343	2.415		0.526	0.323	0.073	0.078
dlf3VARfcFZfR9_4eab7-Q	3.286	3.286	3.286	3.286	3.286		4.010	1.456	2.379	2.362		0.672	0.203	0.060	0.065
nUD0L9cxX8u4GTsLfrTFWQ	4.000	4.000	4.000	4.000	4.000		4.484	1.469	2.324	2.389		0.815	0.102	0.040	0.043
7IRpfmYrBHZfYfdTe5hsNQ	3.300	3.300	3.300	3.300	3.300		4.349	1.452	2.378	2.404		0.592	0.266	0.069	0.074
OdetLT5gBDPneWZUfyf7_A	3.630	3.630	3.630	3.630	3.630		4.214	1.423	2.344	2.364		0.757	0.141	0.050	0.053
Sk4tRHZYItihbpkFYa9hFg	4.286	4.286	4.286	4.286	4.286		4.704	1.372	2.354	2.398		0.854	0.078	0.033	0.035
pvn35yyeo8WbrWhOygKceA	2.250	2.250	2.250	2.250	2.250		3.868	1.362	2.334	2.345		0.304	0.568	0.062	0.066
56Mij76zUiVIGfW2lopmAw	3.407	3.407	3.407	3.407	3.407		4.259	1.353	2.349	2.412		0.661	0.210	0.062	0.067
sF3k_ZSndah1OwduVlb8_w	4.268	4.268	4.268	4.268	4.268		4.737	1.485	2.360	2.404		0.835	0.090	0.036	0.039
iMuKfVjInB_WMErhc7rdaQ	2.250	2.250	2.250	2.250	2.250		3.897	1.354	2.219	2.225		0.307	0.561	0.064	0.069
NDrrwX1n20HU67dD8asgvg	3.125	3.125	3.125	3.125	3.125		4.067	1.455	2.386	2.318		0.593	0.271	0.065	0.071
F0ZXhPJD8yNS3xzTxsichg	3.920	3.920	3.920	3.920	3.920		4.424	1.403	2.357	2.350		0.806	0.108	0.042	0.045
HCVht5j_wW17QxlKewYmxw	3.375	3.375	3.375	3.375	3.375		4.173	1.363	2.356	2.288		0.674	0.203	0.059	0.064
cZrib6eM8ntrchiu5CMoAg	3.895	3.895	3.895	3.895	3.895		4.391	1.509	2.370	2.543		0.799	0.113	0.043	0.046
7yj_Q15ZB46lbXavBustZQ	3.667	3.667	3.667	3.667	3.667		4.968	1.439	2.336	2.405		0.592	0.259	0.071	0.077
XiD6Zt7Tfk_IaI1c0HDT3w	4.429	4.429	4.429	4.429	4.429		4.632	1.319	2.402	2.344		0.927	0.036	0.018	0.019
cLVYa3S-ylCOWflLgy0JPQ	3.615	3.615	3.615	3.615	3.615		4.499	1.323	2.363	2.357		0.681	0.193	0.061	0.065
KPrZtPx63b3X7HerZekX5Q	3.000	3.000	3.000	3.000	3.000		4.441	1.311	2.359	2.362		0.490	0.362	0.071	0.077
TKTiztj5UOz2Na3xw9Hkvg	2.300	2.300	2.300	2.300	2.300		4.453	1.350	2.365	2.365		0.262	0.602	0.066	0.071
jnLI_BO42A9csg0VmL7s3g	4.692	4.692	4.692	4.692	4.692		4.883	1.386	2.371	2.413		0.936	0.031	0.016	0.017
BsBTK3Fi0RyghzKzR7EECQ	3.857	3.857	3.857	3.857	3.857		4.478	1.524	2.462	2.436		0.758	0.140	0.050	0.053
rQruj9he537QGhhaZT_aBw	3.167	3.167	3.167	3.167	3.167		4.550	1.361	2.336	2.389		0.520	0.332	0.072	0.077
noX7tQCO-zYkJxVqoZ4u8g	3.328	3.328	3.328	3.328	3.328		4.319	1.421	2.371	2.356		0.613	0.248	0.067	0.072
UCid2Tas6K4SB9sHO9gQ8w	3.285	3.285	3.285	3.285	3.285		4.119	1.407	2.377	2.348		0.648	0.225	0.061	0.066
CK6Vf3ii1Hj-4AlgbS6NJQ	2.946	2.946	2.946	2.946	2.946		4.288	1.456	2.347	2.367		0.478	0.371	0.073	0.078
Y5wogPjBG-pm090-gbZzUw	3.125	3.125	3.125	3.125	3.125		4.308	1.440	2.334	2.457		0.538	0.314	0.072	0.077
3xEB9FyFXolq1b_Qn_BFtg	3.636	3.636	3.636	3.636	3.636		4.237	1.435	2.360	2.371		0.751	0.145	0.050	0.054
5lYvFBusDEJQL2SGh1GOIA	4.786	4.786	4.786	4.786	4.786		4.806	1.449	2.341	2.435		0.993	0.003	0.002	0.002
6ZSh1MoidBxTrxzVCboNVw	3.857	3.857	3.857	3.857	3.857		4.761	1.520	2.311	2.376		0.689	0.186	0.060	0.064
fevmLifQ-u6sHKjR08RM9Q	2.556	2.556	2.556	2.556	2.556		4.877	1.308	2.390	2.328		0.308	0.550	0.068	0.074
k9HpOpa9StSFqp1Ym-hbUg	4.574	4.574	4.574	4.574	4.574		4.675	1.460	2.340	2.357		0.963	0.017	0.010	0.010
PTRoK96tBIqLDAe3wvBQdg	5.000	5.000	5.000	5.000	5.000		5.405	1.344	2.365	2.394		0.886	0.059	0.026	0.028
7p0OI2Ld46-EzJkRHGQEJQ	4.413	4.413	4.413	4.413	4.413		4.624	1.482	2.374	2.381		0.922	0.039	0.019	0.020
uXLYVIGgnJ0vTSNsXMPnMA	3.833	3.833	3.833	3.833	3.833		5.102	1.305	2.365	2.417		0.625	0.232	0.069	0.074
aLfEKif5sjWMMW9JwXzoRw	4.024	4.024	4.024	4.024	4.024		4.796	1.387	2.366	2.380		0.742	0.149	0.053	0.056
hPqe_uHY7jYLiWBXnvIS1A	2.500	2.500	2.500	2.500	2.500		3.529	1.240	2.344	2.206		0.487	0.372	0.067	0.073
YZZ25gyX-E7yGVnA97I_sg	3.167	3.167	3.167	3.167	3.167		4.412	1.335	2.370	2.571		0.541	0.312	0.071	0.076
9pmnfqUSv-Vuyfl1umQh2A	3.857	3.857	3.857	3.857	3.857		4.560	1.567	2.401	2.366		0.735	0.155	0.053	0.057
XK2GG_SNfZf2op7VWy6L7g	3.273	3.273	3.273	3.273	3.273		4.382	1.400	2.362	2.356		0.582	0.274	0.070	0.075
CscJ0RubTHofHvRJhERvXQ	1.927	1.927	1.927	1.927	1.927		4.376	1.347	2.334	2.387		0.162	0.749	0.043	0.046
1aOiRg6IJSimaexJspyvfQ	4.471	4.471	4.471	4.471	4.471		5.047	1.797	2.417	2.340		0.808	0.107	0.041	0.044
9ZN379cLYjuPBMzJyC1ClQ	4.250	4.250	4.250	4.250	4.250		4.450	1.461	2.344	2.404		0.921	0.040	0.019	0.020
0HIOVPAD0NngfT1_zrUh5w	4.850	4.850	4.850	4.850	4.850		4.897	1.818	2.403	2.446		0.983	0.008	0.005	0.005
tHa5ikquLfumQJtgJ6gCNA	3.375	3.375	3.375	3.375	3.375		4.438	1.377	2.374	2.371		0.608	0.254	0.066	0.071
IhDTUAFc2x8U8brTeBAeUQ	3.875	3.875	3.875	3.875	3.875		4.368	1.458	2.369	2.323		0.804	0.109	0.042	0.045
FwH2wQ-73AE3Neatd1OpzA	4.067	4.067	4.067	4.067	4.067		4.726	1.478	2.360	2.385		0.770	0.133	0.047	0.050
NrvbDoXe_ghMXwk1F8bDsQ	2.800	2.800	2.800	2.800	2.800		4.114	1.339	2.236	2.359		0.475	0.376	0.072	0.077
mzbQCUmd135tsNW6hY3G6A	3.289	3.289	3.289	3.289	3.289		4.185	1.381	2.336	2.362		0.635	0.234	0.063	0.068
Ava5e1hLjDI-lHA_Q8KwSg	4.571	4.571	4.571	4.571	4.571		4.820	1.738	2.408	2.342		0.910	0.046	0.021	0.022
j05rSfk76ECtfzTIRi9C5Q	4.357	4.357	4.357	4.357	4.357		5.592	1.573	2.373	2.479		0.664	0.201	0.065	0.070
VZUbvO-m-ceuoMPRM3-NrQ	4.015	4.015	4.015	4.015	4.015		4.334	1.390	2.360	2.382		0.872	0.068	0.029	0.031
OtSnL9HyWGhXPD0WEfoUfQ	4.684	4.684	4.684	4.684	4.684		4.881	1.637	2.371	2.294		0.932	0.035	0.016	0.017
8AwS9Ggo5hcWiSd5e6WEww	5.000	5.000	5.000	5.000	5.000		5.214	1.424	2.341	2.503		0.935	0.032	0.016	0.017
t578Gz0FdfudO_57qptVkA	4.341	4.341	4.341	4.341	4.341		4.615	1.498	2.359	2.392		0.898	0.052	0.024	0.026
fAJvlRFhdYJlMyG-CA4ErQ	4.714	4.714	4.714	4.714	4.714		4.880	1.517	2.400	2.349		0.943	0.028	0.014	0.015
T2NesLFF9Xhlho3iw8i53g	4.069	4.069	4.069	4.069	4.069		4.652	1.561	2.330	2.448		0.786	0.120	0.045	0.048
-vssPjUT0CNUVkjA68aG5g	3.950	3.950	3.950	3.950	3.950		4.401	1.408	2.349	2.354		0.824	0.096	0.038	0.041
hJ3BUiQg64X7NNgjhIJ9yw	3.966	3.966	3.966	3.966	3.966		4.446	1.460	2.354	2.463		0.812	0.103	0.041	0.044
GEKcRNoBCISSKDS8531xmg	3.925	3.925	3.925	3.925	3.925		4.508	1.493	2.365	2.381		0.779	0.126	0.046	0.050
F3P2F-IMu9XhVsMU5rVyCw	4.053	4.053	4.053	4.053	4.053		4.520	1.455	2.354	2.388		0.824	0.097	0.038	0.040
LE5yuBdBkTDMTbXkVQbfaw	4.519	4.519	4.519	4.519	4.519		4.616	1.401	2.357	2.385		0.964	0.017	0.009	0.010
nDnbIOqoKSAG339g6D8OnA	3.793	3.793	3.793	3.793	3.793		4.698	1.537	2.332	2.362		0.682	0.195	0.059	0.064
UlkwRABfyYnvndZDMsKzDQ	3.333	3.333	3.333	3.333	3.333		4.903	1.334	2.364	2.321		0.517	0.329	0.074	0.080
wCi6nBXnXf5PAHqJZP9dqA	3.821	3.821	3.821	3.821	3.821		4.218	1.363	2.395	2.469		0.832	0.091	0.037	0.040
hrC0Wm2WxLy_Kn1ELF2l2g	4.375	4.375	4.375	4.375	4.375		4.729	1.466	2.342	2.581		0.873	0.067	0.029	0.031
vcZWlI0eHiGwlUfP-5Ov8Q	4.198	4.198	4.198	4.198	4.198		4.417	1.423	2.358	2.427		0.913	0.044	0.021	0.022
aUb1ulqB4B1y6kQuqRV3cg	2.676	2.676	2.676	2.676	2.676		3.987	1.388	2.318	2.336		0.443	0.411	0.070	0.076
M8LxUHI8dgBpADOjzIrlBw	4.486	4.486	4.486	4.486	4.486		5.030	1.404	2.351	2.391		0.829	0.093	0.038	0.040
-QeQ71am64JKQmiPIThreQ	4.432	4.432	4.432	4.432	4.432		5.115	1.464	2.385	2.393		0.789	0.118	0.045	0.048
e6BcZgbqrieKrcgfHPnXUA	3.895	3.895	3.895	3.895	3.895		5.060	1.410	2.365	2.378		0.644	0.218	0.066	0.072
VdoqSzXlB3rldeW_BIag0w	2.946	2.946	2.946	2.946	2.946		4.261	1.374	2.355	2.347		0.495	0.360	0.070	0.075
_6MDHQQ-PeUJ9CP-MoKApA	2.708	2.708	2.708	2.708	2.708		4.026	1.384	2.391	2.336		0.450	0.411	0.067	0.072
lrkYrFCa1_PFTzp2NIuoOA	4.941	4.941	4.941	4.941	4.941		4.979	1.373	2.362	2.369		0.988	0.005	0.003	0.004
-F3sTUxyHpSwWeMiV0RaPQ	4.370	4.370	4.370	4.370	4.370		4.578	1.405	2.342	2.373		0.923	0.039	0.018	0.019
b7kfFTVrAdxMIk2Cre8ddg	4.643	4.643	4.643	4.643	4.643		4.848	1.475	2.347	2.411		0.930	0.035	0.017	0.018
exyrJvzW0pXIfeWwJwYBvA	4.088	4.088	4.088	4.088	4.088		4.422	1.390	2.364	2.424		0.869	0.069	0.030	0.032
xI0UZH734lJtm39DbLf-Bw	2.647	2.647	2.647	2.647	2.647		4.094	1.381	2.349	2.355		0.415	0.440	0.070	0.075
ZfJcqm6k8LfsgzfgrWbLjA	3.667	3.667	3.667	3.667	3.667		4.053	1.383	2.337	2.416		0.826	0.095	0.038	0.041
shvwb7FSRbG8KQvIj4FIQQ	3.519	3.519	3.519	3.519	3.519		4.221	1.551	2.372	2.370		0.701	0.181	0.057	0.062
Vm0bZKi7Bfi828PVvY91ww	3.667	3.667	3.667	3.667	3.667		4.390	1.484	2.385	2.347		0.716	0.169	0.056	0.060
fY8AewZ3dG_ce8zV_-2CKQ	4.333	4.333	4.333	4.333	4.333		4.686	1.339	2.375	2.334		0.877	0.064	0.029	0.030
zmvIqh26-lzpZROHuhA-6w	3.897	3.897	3.897	3.897	3.897		4.442	1.473	2.353	2.405		0.788	0.119	0.045	0.048
SEyO4r3dl2tsa_KnXIZuzg	4.800	4.800	4.800	4.800	4.800		5.873	1.514	2.380	2.448		0.730	0.155	0.055	0.060
kYjfdxTS-pb7rJwfzqw_AA	4.417	4.417	4.417	4.417	4.417		4.852	1.351	2.365	2.412		0.856	0.077	0.033	0.035
Ldx4Qe_R7w3OlSx3E-z0aA	4.300	4.300	4.300	4.300	4.300		4.360	1.518	2.386	2.351		0.975	0.012	0.007	0.007
Mu69Ef9gmMq0Kylhr5u6iw	3.654	3.654	3.654	3.654	3.654		4.372	1.398	2.348	2.336		0.722	0.164	0.055	0.059
nBh_r_hseU4fM92-tKaivw	2.500	2.500	2.500	2.500	2.500		3.357	1.161	2.341	2.205		0.541	0.323	0.065	0.071
T9V8pY5aLMM85cu9xVP3CQ	4.199	4.199	4.199	4.199	4.199		4.646	1.369	2.356	2.337		0.842	0.085	0.035	0.038
bZXmxC8TUj7DlcdQ9-X4tg	4.000	4.000	4.000	4.000	4.000		4.530	1.404	2.359	2.407		0.803	0.109	0.042	0.045
tjZZFoIJbihhcABoiC6Wvg	4.741	4.741	4.741	4.741	4.741		4.612	1.455	2.364	2.374		1.000	0.000	0.000	0.000
CXi1eCpVyCEu-rQ7p1fTsA	2.893	2.893	2.893	2.893	2.893		4.332	1.398	2.325	2.353		0.461	0.388	0.073	0.078
cyy580-EX_ZR04HqiKYi8w	2.429	2.429	2.429	2.429	2.429		4.589	1.462	2.322	2.292		0.270	0.586	0.069	0.075
GhH6YyRmrx8KSL0Q9atRLg	4.308	4.308	4.308	4.308	4.308		4.545	1.491	2.346	2.429		0.910	0.047	0.021	0.023
ATXEtkAUUE1uRquP1M7yGQ	2.769	2.769	2.769	2.769	2.769		4.862	1.284	2.353	2.345		0.370	0.479	0.073	0.078
x8GTTMIAtUJ5EsIMnsOacQ	4.092	4.092	4.092	4.092	4.092		4.416	1.391	2.364	2.399		0.873	0.066	0.029	0.031
BB0pYh0vm_8yJdg5dIlzbg	4.133	4.133	4.133	4.133	4.133		4.488	1.580	2.367	2.345		0.861	0.074	0.031	0.033
HtoKT4TVWr479Jdk2E2lXg	4.333	4.333	4.333	4.333	4.333		4.865	1.375	2.352	2.381		0.825	0.095	0.038	0.041
PmZ3Ft4aOGpzhpPnF21loA	3.481	3.481	3.481	3.481	3.481		4.036	1.348	2.338	2.394		0.754	0.142	0.050	0.053
MbXoh8AQrZglTPxrfWIyfw	4.500	4.500	4.500	4.500	4.500		4.845	1.395	2.395	2.445		0.883	0.061	0.027	0.029
0dF0kyTEdjicKwPIakjr-g	4.105	4.105	4.105	4.105	4.105		4.400	1.487	2.358	2.412		0.881	0.062	0.027	0.029
MARnq1WoY-FY88ucIxYmGg	4.698	4.698	4.698	4.698	4.698		4.920	1.374	2.369	2.393		0.927	0.036	0.018	0.019
e5gB2kDFaodtxMTa53C29g	4.008	4.008	4.008	4.008	4.008		4.354	1.495	2.387	2.425		0.858	0.076	0.032	0.034
CbQY7tTjK2qMPKY84NltDw	4.727	4.727	4.727	4.727	4.727		4.965	1.625	2.376	2.382		0.920	0.041	0.019	0.020
lNutwCfc38nCfYkkSDB8lg	2.206	2.206	2.206	2.206	2.206		4.136	1.349	2.333	2.368		0.266	0.618	0.056	0.060
tG2wn6rUlRpEQWLQwqHnpw	4.071	4.071	4.071	4.071	4.071		4.288	1.442	2.348	2.362		0.909	0.046	0.022	0.023
XSYFZzXFY5wKMiYCf3JNOw	4.185	4.185	4.185	4.185	4.185		4.400	1.601	2.360	2.459		0.910	0.045	0.021	0.023
ClRgYu3vtPcXTjDQd4wa_w	3.595	3.595	3.595	3.595	3.595		4.101	1.401	2.463	2.408		0.776	0.128	0.047	0.050
LoB_9_h34y_TBtUJmAcKww	3.355	3.355	3.355	3.355	3.355		4.425	1.355	2.350	2.331		0.606	0.253	0.068	0.073
2EyCkG53BPmgmxV8jiJJZQ	4.286	4.286	4.286	4.286	4.286		5.141	1.351	2.342	2.399		0.746	0.148	0.052	0.055
sgZwUkKSpFQxE2v1hE-hcQ	3.691	3.691	3.691	3.691	3.691		4.218	1.475	2.391	2.403		0.775	0.128	0.047	0.050
O2FiKrFKJYCHnBXJwhC4nA	4.800	4.800	4.800	4.800	4.800		6.041	1.621	2.364	2.414		0.698	0.179	0.059	0.064
aGbjLWzcrnEx2ZmMCFm3EA	3.887	3.887	3.887	3.887	3.887		4.391	1.395	2.370	2.387		0.803	0.109	0.042	0.045
RroUdGop9iKwVOISl0KIeg	4.038	4.038	4.038	4.038	4.038		4.748	1.430	2.359	2.357		0.757	0.139	0.050	0.054
M73ttBKGZsw1Jg0XbNuKsw	4.727	4.727	4.727	4.727	4.727		4.835	1.456	2.390	2.440		0.962	0.018	0.010	0.010
GRyE6_7cXan2ZhSVApBAWw	4.800	4.800	4.800	4.800	4.800		5.085	1.388	2.359	2.429		0.911	0.045	0.021	0.023
FTCz3lfbXVJlgLuBEbF15w	3.762	3.762	3.762	3.762	3.762		4.379	1.365	2.324	2.351		0.763	0.136	0.049	0.052
AOjgvUy8o0HzSItGb6kfFg	2.571	2.571	2.571	2.571	2.571		4.133	1.299	2.341	2.361		0.398	0.466	0.066	0.070
muybmnsdyptU1mQdsu13mg	4.400	4.400	4.400	4.400	4.400		4.569	1.481	2.346	2.396		0.936	0.032	0.015	0.016
Y_KOPqfPJ8xkMxiVXlz3Eg	3.333	3.333	3.333	3.333	3.333		4.311	1.343	2.346	2.351		0.624	0.239	0.066	0.071
0Wgkqmf1uJB9AmiQK75qHw	4.032	4.032	4.032	4.032	4.032		4.627	1.485	2.389	2.404		0.783	0.122	0.046	0.049
s9igoNxF1CY-QfwWK4S3mg	3.765	3.765	3.765	3.765	3.765		4.442	1.344	2.387	2.377		0.746	0.147	0.052	0.055
sAbRiVqmxNdjTja_vmnsnA	3.871	3.871	3.871	3.871	3.871		4.420	1.390	2.360	2.366		0.789	0.119	0.045	0.048
3bdePZRBF5zv1LMjmqp7Cg	4.500	4.500	4.500	4.500	4.500		4.600	1.456	2.373	2.447		0.962	0.018	0.010	0.011
l5vzFaqSjvxZiRn0MJeKkg	3.625	3.625	3.625	3.625	3.625		4.382	1.393	2.347	2.365		0.709	0.174	0.057	0.061
uOD5WKNDZh7ye8hl_2uQqw	5.000	5.000	5.000	5.000	5.000		5.498	1.373	2.347	2.366		0.864	0.072	0.031	0.033
VQaLNiZGuG4OnI4-Wnne3w	2.143	2.143	2.143	2.143	2.143		4.248	1.504	2.388	2.294		0.200	0.691	0.052	0.057
FM9Wf69gZS2nHbgnGlh6mw	3.939	3.939	3.939	3.939	3.939		4.504	1.451	2.375	2.364		0.788	0.121	0.044	0.047
VqnrcjUfsThURfRfflpnQg	4.500	4.500	4.500	4.500	4.500		4.639	1.383	2.370	2.389		0.949	0.024	0.013	0.014
PdZj1gylTC5AaTO21eOYcA	1.652	1.652	1.652	1.652	1.652		3.970	1.343	2.355	2.346		0.094	0.844	0.030	0.032
1V8f3A7p3HV2r0BgAbqvaw	3.223	3.223	3.223	3.223	3.223		4.430	1.386	2.366	2.369		0.556	0.296	0.071	0.077
xk4FO3d4cn3ymMN9uIqNGA	4.200	4.200	4.200	4.200	4.200		4.680	1.377	2.385	2.429		0.831	0.092	0.037	0.040
fj9gg8MaCFLiWhB_ujFzgA	3.500	3.500	3.500	3.500	3.500		4.043	1.521	2.408	2.312		0.750	0.146	0.050	0.054
KQtir1vCcdRoq9Mbuxm0aA	3.500	3.500	3.500	3.500	3.500		3.922	1.495	2.346	2.370		0.794	0.116	0.043	0.046
mcHqw9vK8wC8BMw6SUwhvA	2.857	2.857	2.857	2.857	2.857		3.933	1.303	2.313	2.329		0.535	0.321	0.069	0.074
ZIQHjb5jjkR_d7ZLK8DdJA	4.500	4.500	4.500	4.500	4.500		4.579	1.375	2.350	2.348		0.971	0.014	0.008	0.008
8aPTQeDYOMNEu907WfflCQ	3.906	3.906	3.906	3.906	3.906		4.416	1.454	2.375	2.431		0.800	0.113	0.042	0.045
HbUQ_3dlm3uCacmhTEMnuA	4.050	4.050	4.050	4.050	4.050		4.464	1.396	2.370	2.378		0.842	0.085	0.035	0.038
honUHlKAkrLyeeHyOzXu4w	3.375	3.375	3.375	3.375	3.375		4.469	1.534	2.359	2.416		0.585	0.270	0.070	0.075
hxSNB2FA9jc2LHGWA2n4LA	3.750	3.750	3.750	3.750	3.750		4.392	1.553	2.346	2.369		0.744	0.150	0.052	0.055
QkVSaXjg5475VD3sZixCZQ	3.500	3.500	3.500	3.500	3.500		4.532	1.377	2.359	2.359		0.630	0.232	0.066	0.071
9XlLE3H3j5Uv0w8V01yomQ	4.170	4.170	4.170	4.170	4.170		4.387	1.521	2.368	2.369		0.912	0.046	0.021	0.022
-_npP9XdyzILAjtFfX8UAQ	3.294	3.294	3.294	3.294	3.294		4.344	1.294	2.348	2.381		0.606	0.253	0.068	0.073
ZkkJtvsPTsxp7wT0qQEZ-w	4.474	4.474	4.474	4.474	4.474		4.632	1.570	2.356	2.422		0.940	0.030	0.014	0.015
YcuBpuI7SpTU_2-BmEqpYw	3.933	3.933	3.933	3.933	3.933		4.355	1.398	2.373	2.384		0.832	0.091	0.037	0.040
gKFkeygY3-v9TQQHlCEeeg	1.583	1.583	1.583	1.583	1.583		3.919	1.301	2.321	2.379		0.085	0.858	0.028	0.029
BS-5zNbuTecGQhOB-YZm3A	3.769	3.769	3.769	3.769	3.769		4.334	1.626	2.365	2.353		0.764	0.136	0.048	0.052
-XN4Oi0UCBK7rE3MsSXdqw	4.353	4.353	4.353	4.353	4.353		4.636	1.442	2.367	2.342		0.897	0.053	0.024	0.026
B_1LLEKSddI0hvOuB6S6VQ	3.786	3.786	3.786	3.786	3.786		4.315	1.451	2.382	2.223		0.788	0.120	0.045	0.048
IykF45RvqD14rudLTDoigA	3.000	3.000	3.000	3.000	3.000		4.176	1.419	2.356	2.485		0.520	0.333	0.071	0.076
yUVQl7y5e8IEDk4EAHr8zQ	4.867	4.867	4.867	4.867	4.867		5.144	1.725	2.386	2.414		0.910	0.046	0.021	0.022
MBEr_IdOPeaS9X9WvdofKw	4.400	4.400	4.400	4.400	4.400		4.640	1.490	2.368	2.361		0.912	0.045	0.021	0.022
-tNGtyL1Tx20Od4npKkdcg	5.000	5.000	5.000	5.000	5.000		5.459	1.415	2.358	2.464		0.872	0.068	0.029	0.031
cb4YeNdl6MUWis906tzFVQ	4.288	4.288	4.288	4.288	4.288		4.475	1.372	2.379	2.380		0.928	0.035	0.018	0.019
IIM0aFvL_ogc7iD36Dfzpg	3.750	3.750	3.750	3.750	3.750		3.898	2.105	2.355	2.314		0.912	0.046	0.021	0.022
6_f0DBobbybPaSt-vZ5DLQ	4.421	4.421	4.421	4.421	4.421		5.111	1.459	2.365	2.432		0.787	0.119	0.045	0.049
-tJda8ueJhOflsUnkyktwA	4.400	4.400	4.400	4.400	4.400		5.044	1.327	2.393	2.388		0.801	0.110	0.043	0.046
WtCsHjZVF83TNTieRkFxZw	4.627	4.627	4.627	4.627	4.627		4.746	1.456	2.373	2.424		0.957	0.021	0.011	0.011
fe-dpgJJFRBOFpeCBn1w5g	4.692	4.692	4.692	4.692	4.692		4.937	1.376	2.347	2.298		0.921	0.040	0.019	0.020
-FK47t3X0ctRNSSmZeFFQA	4.375	4.375	4.375	4.375	4.375		4.653	1.535	2.374	2.393		0.897	0.053	0.024	0.026
8YDMMPLn0VV2_4g2LTv50A	3.500	3.500	3.500	3.500	3.500		4.463	1.313	2.323	2.367		0.651	0.216	0.064	0.069
xX3JupHE-RB2rGr5GScESA	2.800	2.800	2.800	2.800	2.800		3.761	1.399	2.354	2.315		0.537	0.321	0.068	0.074
C9Zflb3bqMzAvXn47k78tw	5.000	5.000	5.000	5.000	5.000		5.140	1.631	2.375	2.466		0.955	0.022	0.011	0.012
JGEJCYz7gbnOtxbgXB-zSg	3.365	3.365	3.365	3.365	3.365		4.345	1.361	2.344	2.377		0.626	0.237	0.066	0.071
tg88uNQ_Qeq3zopVmBY5dA	3.794	3.794	3.794	3.794	3.794		4.212	1.407	2.362	2.403		0.823	0.097	0.039	0.041
YSFS4VOR4-cgvijfq6gmxw	2.500	2.500	2.500	2.500	2.500		4.055	1.278	2.342	2.287		0.387	0.471	0.069	0.074
xYPjq62MVybzI6EdoquaOA	2.357	2.357	2.357	2.357	2.357		3.972	1.335	2.395	2.318		0.335	0.530	0.064	0.070
KVvudcDpXPEx6SRTNSB9uQ	4.460	4.460	4.460	4.460	4.460		4.892	1.593	2.384	2.414		0.852	0.079	0.033	0.035
cer5WpckBF5WRogTqk_rmg	3.875	3.875	3.875	3.875	3.875		5.080	1.455	2.367	2.417		0.631	0.228	0.068	0.073
23053ovu21_vAFtPCFZlgA	2.333	2.333	2.333	2.333	2.333		4.467	1.346	2.400	2.369		0.273	0.598	0.062	0.067
9zlpLPhXYwK_STi2u8DjxQ	2.300	2.300	2.300	2.300	2.300		3.163	1.361	2.307	2.258		0.452	0.413	0.065	0.070
4KwEzJyeuHqna7_A_eeI3g	4.548	4.548	4.548	4.548	4.548		4.608	1.515	2.372	2.389		0.977	0.010	0.006	0.006
3Gsex5Dyhnoul9l_914MGQ	3.293	3.293	3.293	3.293	3.293		4.399	1.397	2.358	2.390		0.586	0.274	0.068	0.073
7f2vXTDJt450uxBlJgKhaA	5.000	5.000	5.000	5.000	5.000		5.187	1.477	2.393	2.482		0.942	0.028	0.014	0.015
xHNfc32PhDClSXLjRwpaGQ	4.158	4.158	4.158	4.158	4.158		5.394	1.380	2.362	2.203		0.662	0.203	0.065	0.070
ywbiQCZnCrK8A4K9TkWVTw	3.708	3.708	3.708	3.708	3.708		4.412	1.437	2.346	2.349		0.730	0.161	0.053	0.056
UY0bwSVLcBcMTCYbUycdMw	3.727	3.727	3.727	3.727	3.727		4.615	1.344	2.414	2.486		0.686	0.189	0.060	0.065
-q4OlOJQSWAqx27EmUkogg	5.000	5.000	5.000	5.000	5.000		5.311	1.429	2.329	2.398		0.909	0.047	0.021	0.022
VDEaaZcoWAZee77SdF2y0Q	2.500	2.500	2.500	2.500	2.500		5.179	1.568	2.371	2.340		0.230	0.641	0.062	0.067
sdYk1mMmkyZrEKBNfEa0bQ	2.543	2.543	2.543	2.543	2.543		4.083	1.425	2.372	2.361		0.373	0.494	0.064	0.069
wksfC_Dud9G8GPntOq1CxA	3.105	3.105	3.105	3.105	3.105		4.163	1.424	2.386	2.440		0.561	0.293	0.070	0.076
ZoihV02_j91WIxIarXB2dA	4.500	4.500	4.500	4.500	4.500		4.974	1.356	2.367	2.372		0.849	0.080	0.034	0.036
VdbrKLBIIuyC1c8_7eFYZg	3.970	3.970	3.970	3.970	3.970		4.332	1.535	2.378	2.383		0.850	0.081	0.034	0.036
tSsf701lPVTw9MRzmDp-FQ	2.875	2.875	2.875	2.875	2.875		3.958	1.321	2.378	2.389		0.532	0.325	0.069	0.074
dubfwllHHeoJHSsy19gGVQ	4.636	4.636	4.636	4.636	4.636		4.486	1.508	2.356	2.419		1.000	0.000	0.000	0.000
vg5qDpk5kG2cqBkDk1pKew	2.143	2.143	2.143	2.143	2.143		3.902	1.297	2.334	2.397		0.278	0.608	0.056	0.059
I4L_MJOZsnux3xCU2bLP8Q	3.353	3.353	3.353	3.353	3.353		4.164	1.335	2.363	2.366		0.667	0.206	0.061	0.066
PLk3ixqtKOU7fqxQ0-1pHA	2.222	2.222	2.222	2.222	2.222		4.292	1.349	2.360	2.348		0.252	0.617	0.063	0.068
XV41BBRRzP3wZjqsulqUQQ	4.214	4.214	4.214	4.214	4.214		4.606	1.343	2.368	2.349		0.859	0.075	0.032	0.034
CLET6lnVEpJUNK1E6ZjxXw	4.182	4.182	4.182	4.182	4.182		5.017	1.641	2.422	2.338		0.728	0.159	0.055	0.058
WzkHcPgmNHAbTgwjNNMhCw	4.077	4.077	4.077	4.077	4.077		4.660	1.427	2.366	2.405		0.793	0.116	0.044	0.047
993VcQSz6cyfOKSldvr8Cw	4.500	4.500	4.500	4.500	4.500		4.734	1.513	2.325	2.435		0.916	0.042	0.020	0.021
LkM6Wb93kuyRZyEcKm_uaA	4.033	4.033	4.033	4.033	4.033		4.409	1.436	2.347	2.383		0.852	0.079	0.033	0.035
Y0Ife2OJPs5QSL-7dyMF5Q	4.500	4.500	4.500	4.500	4.500		4.863	1.428	2.393	2.409		0.878	0.064	0.028	0.030
gkWEjZIVcrUerEzed6IKpg	4.081	4.081	4.081	4.081	4.081		4.443	1.428	2.381	2.387		0.859	0.075	0.032	0.034
xc6a8FLoFLmNHo5fphzdhw	4.104	4.104	4.104	4.104	4.104		4.414	1.406	2.353	2.363		0.879	0.064	0.027	0.029
LRuIY8JFqadCSYLo242MGg	4.115	4.115	4.115	4.115	4.115		4.530	1.422	2.364	2.364		0.845	0.085	0.034	0.036
_hTnLGWujfiZhIaCwWH8Ng	3.632	3.632	3.632	3.632	3.632		4.378	1.473	2.356	2.388		0.707	0.175	0.057	0.061
vfLog2bLJGl6hAFtGtr0GQ	3.596	3.596	3.596	3.596	3.596		4.305	1.409	2.373	2.402		0.716	0.168	0.056	0.060
ApEvXLmsPMWsUVEfPkrmfg	3.409	3.409	3.409	3.409	3.409		4.364	1.448	2.341	2.414		0.629	0.235	0.066	0.071
w3t8Y3vlBKPBjYI0loXMVg	2.231	2.231	2.231	2.231	2.231		4.341	1.375	2.391	2.356		0.248	0.631	0.058	0.063
qHH9IMD6WvP4NlMXnSWHGw	4.500	4.500	4.500	4.500	4.500		4.840	1.487	2.378	2.534		0.882	0.061	0.027	0.029
YmhskhHArN4CHTG49kC_hQ	4.500	4.500	4.500	4.500	4.500		5.210	1.436	2.370	2.400		0.788	0.118	0.045	0.048
962X1LkIYgJkov8NIuGmfA	4.067	4.067	4.067	4.067	4.067		4.427	1.471	2.386	2.491		0.856	0.077	0.032	0.035
g_tnebb_MhibQU6dC6J0GQ	2.875	2.875	2.875	2.875	2.875		3.683	1.362	2.332	2.355		0.595	0.270	0.065	0.070
KJKKV66aeMXh_oGzNUgNIA	4.500	4.500	4.500	4.500	4.500		4.950	1.328	2.350	2.425		0.856	0.076	0.033	0.035
xcm38ca6C5iZLK9kMuuVwg	4.531	4.531	4.531	4.531	4.531		4.830	1.504	2.370	2.336		0.897	0.053	0.024	0.026
jwJZY1_jFbBxMWzXY2GURg	3.357	3.357	3.357	3.357	3.357		4.251	1.446	2.362	2.276		0.640	0.227	0.064	0.070
1zKH87sjLpRr8XDKmk7j1g	3.273	3.273	3.273	3.273	3.273		4.156	1.451	2.376	2.365		0.627	0.237	0.065	0.070
RSBdMDQF1nYBj7NTUCdxHw	4.058	4.058	4.058	4.058	4.058		4.292	1.468	2.374	2.369		0.902	0.050	0.023	0.025
Sd_YtorUMo18Yd8XDqWH5w	3.167	3.167	3.167	3.167	3.167		4.092	1.310	2.338	2.385		0.616	0.248	0.066	0.071
3ULJQrfcz81fYgBomNHV8Q	2.625	2.625	2.625	2.625	2.625		4.043	1.334	2.350	2.354		0.422	0.433	0.070	0.075
f9jludJLwlM4_2zApw7_rw	3.250	3.250	3.250	3.250	3.250		4.347	1.511	2.385	2.358		0.570	0.288	0.068	0.074
09dr3kXV8Ff42Ur3mCh3LA	3.600	3.600	3.600	3.600	3.600		3.956	1.366	2.386	2.324		0.834	0.090	0.037	0.039
jdtc9AARnZLOi38Qvkdm7Q	3.875	3.875	3.875	3.875	3.875		4.484	1.399	2.338	2.365		0.772	0.130	0.047	0.051
uC8nWYLTBtIc9p6JrcvgkQ	3.622	3.622	3.622	3.622	3.622		4.324	1.402	2.364	2.378		0.722	0.164	0.055	0.059
rfpfswQcWGVf9iD2kSh5TQ	3.077	3.077	3.077	3.077	3.077		4.394	1.321	2.368	2.405		0.519	0.331	0.072	0.078
PEFUYmqfqy93_xyCnSfGNg	4.180	4.180	4.180	4.180	4.180		4.880	1.408	2.364	2.362		0.771	0.130	0.048	0.051
Y6jWHVbcWULr00HHYLCRyQ	4.273	4.273	4.273	4.273	4.273		4.548	1.509	2.369	2.391		0.895	0.055	0.024	0.026
bmsABmCLIEDYxF8B7PCy6A	4.200	4.200	4.200	4.200	4.200		4.615	1.497	2.345	2.395		0.847	0.082	0.034	0.036
KUE1Eg_chF9Gkz2ZLpD3nA	4.379	4.379	4.379	4.379	4.379		4.618	1.401	2.365	2.397		0.913	0.045	0.021	0.022
hOqARYbtdz4ZN9Sv4Y99yw	3.125	3.125	3.125	3.125	3.125		4.765	1.300	2.350	2.372		0.478	0.364	0.076	0.082
VgOnAwmaca49g5ESmZrcng	4.000	4.000	4.000	4.000	4.000		4.436	1.571	2.367	2.453		0.825	0.096	0.038	0.041
Tz_qe3zVRAi9rgj-eerB1A	4.500	4.500	4.500	4.500	4.500		4.724	1.416	2.387	2.322		0.921	0.039	0.019	0.020
y0_Yc9NS-nro-pDGKhiFjw	4.692	4.692	4.692	4.692	4.692		4.582	1.378	2.366	2.384		1.000	0.000	0.000	0.000
ZKkI1U5TkAEkvaEjzgBVdw	3.170	3.170	3.170	3.170	3.170		4.256	1.373	2.338	2.364		0.574	0.281	0.070	0.075
0aV8mzabKSFylfi0NQGqlQ	3.974	3.974	3.974	3.974	3.974		4.417	1.435	2.373	2.373		0.827	0.095	0.038	0.041
pZuaAQQzYKQc0AhGnmcTQg	4.039	4.039	4.039	4.039	4.039		4.459	1.390	2.391	2.387		0.840	0.088	0.035	0.037
KjW4wuwP9Sqp6Bv-k4wicQ	3.667	3.667	3.667	3.667	3.667		4.421	1.353	2.368	2.365		0.716	0.168	0.056	0.060
4uT41lI3DvtCQUNAIX9eng	2.875	2.875	2.875	2.875	2.875		4.258	1.355	2.406	2.315		0.472	0.378	0.072	0.078
0_OxmpHC1nl37ZOhiekRcQ	4.000	4.000	4.000	4.000	4.000		4.659	1.434	2.351	2.413		0.766	0.133	0.048	0.052
